Random_ID,O1_PI_01,O1_PI_02,O1_PI_03,O1_PI_04,O1_PI_05,O1_PI_06,O1_PI_07,O1_PI_08,O1_PI_09,O1_PI_10,O1_PI_11,O1_PI_12,O1_PI_13,O2_PI_01,O2_PI_02,O2_PI_03,O2_PI_04,O2_PI_05,O2_PI_06,O2_PI_07,O2_PI_08,O2_PI_09,O2_PI_10,O2_PI_11,O2_PI_12,O2_PI_13,HA_PI_01,HA_PI_02,HA_PI_03,HA_PI_04,HD_PI_01,HD_PI_02,HD_PI_03,HD_PI_04,HD_PI_05,HD_PI_06,HD_PI_07,HD_PI_08,HD_PI_09,HD_PI_10,HD_PI_11,HD_PI_12,HD_PI_13,HD_PI_14,HD_PI_15,SA_PI_01,SA_PI_02,SA_PI_03,SA_PI_04,SA_PI_05,SA_PI_06,SA_PI_07,SA_PI_08,SA_PI_09,SA_PI_10,SA_PI_11,SA_PI_12,SA_PI_13,SA_PI_14,SA_PI_15,SA_PI_16,SA_PI_17,SA_PI_18,SA_PI_19,SA_PI_20,SA_PI_21,SA_PI_22,SA_PI_23,SA_PI_24,SA_PI_25,SA_PI_26,B2E_PI_01,B2E_PI_02,B2E_PI_03,B2E_PI_04,B2E_PI_05,B2E_PI_06,B2E_PI_07,B2E_PI_08,B2E_PI_09,B2E_PI_10,B2E_PI_11,B2E_PI_12,B2E_PI_13,B2E_PI_14,B2E_PI_15,B2E_PI_16,B2E_PI_17,B2E_PI_18,B2E_PI_19,B2E_PI_20,B2E_PI_21,B2E_PI_22,B2E_PI_23,B2E_PI_24,B2E_PI_25,B2E_PI_26,B2E_PI_27,B2E_PI_28,B2E_PI_29,B2E_PI_30,BCR_PI_01,BCR_PI_02,BCR_PI_03,BCR_PI_04,BCR_PI_06,BCR_PI_07,BCR_PI_08,BCR_PI_09,BCR_PI_10,BCR_PI_11,BCR_PI_12,BCR_PI_13,BCR_PI_14,BCR_PI_15,BCR_PI_16,BCR_PI_17,BCR_PI_18,BCR_PI_19,BCR_PI_20,BCR_PI_21,BCR_PI_22,BCR_PI_23,BCR_PI_24,BCR_PI_25,BCR_PI_26,BCR_PI_27,BCR_PI_28,BCR_PI_29,BCR_PI_30,BCR_PI_31,O1_IRAT_01,O1_IRAT_02,O1_IRAT_03,O1_IRAT_04,O1_IRAT_05,O1_IRAT_06,O1_IRAT_07,O1_IRAT_08,O1_IRAT_09,O1_IRAT_10,O1_IRAT_11,O1_IRAT_12,O2_IRAT_01,O2_IRAT_02,HA_IRAT_01,HA_IRAT_02,HD_IRAT_01,HD_IRAT_02,SA_IRAT_01,SA_IRAT_02,SA_IRAT_03,SA_IRAT_04,SA_IRAT_05,SA_IRAT_06,SA_IRAT_07,B2E_IRAT_01,B2E_IRAT_02,B2E_IRAT_03,B2E_IRAT_04,B2E_IRAT_05,B2E_IRAT_06,BCR_IRAT_01,BCR_IRAT_02,BCR_IRAT_03,O1_MCQ1_IND,O1_MCQ1_GRP,O1_MCQ1_TOT,O1_MCQ2_IND,O1_MCQ2_GRP,O1_MCQ2_TOT,O1_MCQ3_IND,O1_MCQ3_GRP,O1_MCQ3_TOT,O2_MCQ1_IND,O2_MCQ1_GRP,O2_MCQ1_TOT,O2_MCQ2_IND,O2_MCQ2_GRP,O2_MCQ2_TOT,O2_MCQ3_IND,O2_MCQ3_GRP,O2_MCQ3_TOT,HD_MCQ1_IND,HD_MCQ1_GRP,HD_MCQ1_TOT,SA_MCQ1_IND,SA_MCQ1_GRP,SA_MCQ1_TOT,SA_MCQ2_IND,SA_MCQ2_GRP,SA_MCQ2_TOT,SA_MCQ3_IND,SA_MCQ3_GRP,SA_MCQ3_TOT,SA_MCQ4_IND,SA_MCQ4_GRP,SA_MCQ4_TOT,SA_MCQ5_IND,SA_MCQ5_GRP,SA_MCQ5_TOT,O1_PI_AVG_13,O2_PI_AVG_13,O1O2_PI_AVG_26,HA_PI_AVG_04,HD_PI_AVG_15,SA_PI_AVG_26,B2E_PI_AVG_30,BCR_PI_AVG_30,O1_IRAT_AVG_12,O2_IRAT_AVG_02,HA_IRAT_AVG_02,HD_IRAT_AVG_02,SA_IRAT_AVG_07,B2E_IRAT_AVG_06,BCR_IRAT_AVG_03,O1_MCQ_AVG_03,O2_MCQ_AVG_03,HD_MCQ_AVG_01,SA_MCQ_AVG_05,B2E_MCQ_AVG_04,BCR_MCQ_AVG_04,BCR_ANAT_MCQ_AVG_02,all_NBME_avg_n4,all_mcqs_avg_n20,all_irats_avg_n34,all_PIs_avg_n131,BCR_NBME_final,B2E_NBME_final,O1_O2_NBME,SA_NBME,HA_final,HD_final,CBSE_01,CBSE_02,STEP_1
1008,0.9000,0.6957,0.6364,0.7143,0.8333,0.8667,0.6400,0.6522,0.2941,0.6154,0.6250,0.5652,0.9231,0.7895,0.6667,0.8667,0.7059,0.6000,0.5500,0.6842,0.6842,0.7500,0.7500,0.5625,0.4286,0.3810,0.5000,0.6923,0.8000,0.6000,0.9091,0.8421,0.8333,0.7647,0.8750,0.7895,0.7059,0.7273,0.7647,0.9500,0.7692,0.5882,0.6471,0.7647,0.8421,0.5000,0.5833,0.4286,0.7500,0.5294,0.5556,0.5556,0.5294,0.3571,0.7857,0.6087,0.5000,0.4286,0.4211,0.5882,0.7647,0.6875,0.4375,0.5625,0.8125,0.4118,0.5000,0.3750,0.5789,0.5789,0.6842,0.5000,0.4706,0.5714,0.6429,0.6500,0.3750,0.7895,0.7368,0.6316,0.6500,0.6957,0.8667,0.6923,0.4667,0.8824,0.7143,0.7778,0.6000,0.5625,0.7059,0.8125,0.5294,0.7500,0.7857,0.6111,0.3810,0.7059,0.7000,0.5882,0.9167,0.5500,0.6842,0.6818,0.6842,0.6818,0.7727,0.9333,0.7083,0.4545,0.6923,0.4545,0.8000,0.9000,0.6087,0.7368,0.5652,0.5455,0.7083,0.6364,0.6923,0.4000,0.6842,0.5789,0.5806,0.5500,0.5294,0.6842,,0.6667,0.6667,0.8000,0.9000,1.0000,0.7000,0.9000,0.8000,0.8667,0.5000,0.6000,0.5000,0.4000,0.5000,0.8000,,0.7000,0.7000,0.8000,1.0000,0.6000,,0.7333,0.6000,0.9333,0.4667,0.5833,0.1818,0.6000,0.7500,0.8333,0.7000,,0.8000,0.8000,0.7333,0.8000,0.9760,0.8528,0.6400,0.9680,0.7384,0.8000,0.9760,0.8528,0.8000,0.9480,0.8444,0.7000,0.9840,0.7852,0.5800,0.9560,0.6928,0.9200,0.9920,0.9416,0.6000,0.9600,0.7080,0.6600,0.9440,0.7452,0.8000,0.9840,0.8552,0.8000,0.9840,0.8552,0.5800,0.9760,0.6988,0.6893,0.6476,0.6685,0.6481,0.7849,0.5583,0.6588,0.6494,0.7056,0.8000,0.7000,0.9000,0.6528,0.6130,0.7778,0.7500,0.6900,0.9200,0.6900,0.7800,0.7400,0.7800,0.7700,0.7617,0.7700,0.7617,0.8100,0.8300,0.7000,0.7400,0.8200,0.9500,42,68,233
1170,0.7000,0.6087,0.7273,0.4762,0.2917,0.5333,0.5600,0.4783,0.4118,0.5385,0.6250,0.7826,0.8462,0.7368,0.5333,0.8000,0.4706,0.5333,0.7000,0.6316,0.4737,0.6667,0.5833,0.4375,0.4286,0.6667,0.4000,0.3846,0.6667,0.4667,0.3636,0.8947,0.7778,0.8235,0.2500,0.7368,0.5882,0.6364,0.7647,0.6500,0.6923,0.7647,0.8824,0.7647,0.7368,0.2857,0.7500,0.6429,0.5000,0.5882,0.6111,0.5000,0.4706,0.2857,0.6071,0.6522,0.5000,0.6429,0.7895,0.7647,0.7647,0.8750,0.6250,0.5625,0.8125,,0.8000,0.9375,0.6842,0.4211,0.5789,0.3333,0.5294,0.4762,0.5714,0.7000,0.7500,0.5263,0.5263,0.5789,0.5500,0.6522,0.6667,0.5385,0.5333,0.7059,0.6667,0.7222,0.5500,0.8125,0.8235,0.5625,0.5882,0.8125,0.6429,0.7222,0.6190,0.8235,0.7500,0.6471,0.8333,0.6500,0.7368,0.6818,0.7368,0.5909,0.5455,0.7333,0.5833,0.6364,0.8462,0.6364,0.8000,0.7000,0.6957,0.6316,0.6087,0.8182,0.8750,0.6364,0.5385,0.8000,0.6316,0.6842,0.5161,0.4500,0.6471,0.6316,,0.6111,0.7222,0.6000,0.8000,0.6000,0.6000,0.5000,0.4000,0.6667,0.7000,0.6000,0.5000,0.5000,0.8000,0.6000,0.4667,0.3000,0.6000,0.7000,0.8000,0.6000,0.8000,0.4667,,0.8667,0.5333,0.5833,0.5455,0.6000,0.6667,1.0000,0.8000,0.6667,,0.6000,,0.7400,0.9840,0.8132,0.6600,0.9840,0.7572,0.6800,0.9920,0.7736,0.6000,0.9920,0.7176,0.7200,1.0000,0.8040,0.6000,0.9840,0.7152,0.8200,1.0000,0.8740,0.5800,0.9920,0.7036,0.7400,0.9760,0.8108,0.8200,0.9680,0.8644,0.7600,0.9920,0.8296,0.8400,1.0000,0.8880,0.5830,0.5894,0.5862,0.4795,0.6884,0.6261,0.6405,0.6681,0.6056,0.5334,0.4500,0.7500,0.6417,0.7132,0.6000,0.6900,0.6400,0.8200,0.7500,0.8000,0.7600,0.7800,0.8000,0.7433,0.8000,0.7433,0.8600,0.8900,0.6800,0.7700,0.7600,0.8400,44,67,215
1292,0.7500,0.6957,0.8182,0.6190,0.6250,0.7333,0.5200,0.9130,0.3529,0.6923,0.6250,0.6087,0.7692,0.8421,0.6000,0.8000,0.7059,0.9333,0.7000,0.7368,0.4737,0.8333,0.6667,0.5000,0.5714,0.6190,0.7000,0.6154,0.7333,0.7333,0.7273,0.7895,0.6667,0.7059,0.6250,0.9474,0.7059,0.8182,0.7059,0.8500,0.8462,0.8235,0.7059,0.8235,0.9474,0.5714,0.9167,0.6429,0.8333,0.7059,0.6111,0.7778,0.8235,0.6429,0.7143,0.6087,0.6667,0.6429,0.6842,0.5294,0.7647,0.6250,0.4375,0.5625,0.7188,0.4118,0.5000,0.6250,0.8947,0.6316,0.6842,0.5833,0.7647,0.5714,0.8571,0.4500,0.4375,0.6842,0.7895,0.6316,0.6500,0.4348,0.4667,0.5385,0.5333,0.5882,0.7619,0.6667,0.4500,0.5625,0.8235,0.6250,0.5882,0.8750,0.7857,0.6667,0.5238,0.6471,0.7000,0.5882,0.6667,0.3500,,0.2273,,0.5909,0.6818,0.8000,0.5833,0.3636,0.6154,0.5455,0.9333,0.8000,0.6522,0.6842,0.6957,0.6364,0.8333,0.8182,0.6923,0.6000,0.8421,0.6842,0.5484,0.6500,0.3529,0.5263,,0.7222,0.5556,0.7000,0.9000,0.6000,0.7000,0.7000,0.6000,0.6667,0.8000,0.7000,0.8000,0.6000,0.6000,0.7333,0.5333,0.7000,0.8000,0.7000,0.5000,0.7000,0.8000,0.6000,0.6667,0.6000,0.5333,0.5000,0.4545,0.7000,0.8333,0.8333,0.8000,,,0.7000,,0.7400,0.9680,0.8084,0.7200,0.9680,0.7944,0.8200,0.9920,0.8716,0.8400,0.9680,0.8784,0.9000,0.9920,0.9276,0.8200,0.9920,0.8716,0.8800,1.0000,0.9160,0.8800,0.9680,0.9064,0.8400,0.9240,0.8652,0.8600,0.9400,0.8840,0.7400,0.9920,0.8156,0.7400,0.9600,0.8060,0.6709,0.6909,0.6809,0.6955,0.7792,0.6626,0.6304,0.6291,0.6972,0.6333,0.7500,0.6000,0.6286,0.7242,0.7000,0.7600,0.8500,0.8800,0.8100,0.8300,0.7600,0.7800,0.8125,0.8150,0.8125,0.8150,0.8500,0.8600,0.8300,0.7100,0.9000,0.8800,41,78,243
1307,0.9500,0.6957,0.7727,0.7619,0.8333,0.8667,0.8000,0.6957,0.5882,0.6923,0.5625,0.7826,0.8462,0.6842,0.8000,0.9333,0.8824,0.8000,0.8500,0.7895,0.7895,1.0000,0.6667,0.6875,0.7143,0.5714,0.7000,0.8462,0.8667,0.8667,0.7273,0.7368,0.7778,0.8824,0.7500,0.5789,0.7059,0.6364,0.8235,0.7500,0.8462,0.7647,0.8235,0.9412,0.7368,0.9286,0.9167,0.9286,0.6667,0.7059,0.7222,0.8333,0.6471,0.4286,0.8214,0.8261,0.6667,0.5714,0.6842,0.6471,0.5882,0.5625,0.6250,0.6875,0.8438,0.6471,0.5000,0.7500,0.8421,0.6842,0.7895,0.2500,0.5294,0.6190,0.8571,0.7500,0.6250,0.7895,0.7368,0.7895,0.8000,0.8696,0.6667,0.6923,0.7333,0.8235,0.7143,0.7778,0.5500,0.6250,0.8824,0.6875,0.8824,0.8125,0.7857,0.8333,0.6190,0.8824,0.6500,0.7059,0.7500,0.9500,0.8421,0.8182,0.8421,0.7727,0.9091,0.9333,0.9167,0.6364,0.8462,0.8182,0.8667,0.7000,0.6957,0.5263,0.6957,0.8182,0.9167,0.9091,0.7692,0.7000,0.7368,0.8421,0.9355,0.6500,0.7059,0.7368,0.9048,0.7222,0.7778,0.6000,1.0000,0.9000,0.8000,0.9000,0.8000,0.8000,0.7000,0.9000,0.7000,0.4000,1.0000,0.9333,0.6000,0.9000,0.8000,0.9000,0.5000,0.7000,0.9333,0.8000,0.8000,0.8000,0.9333,0.7500,,0.8000,0.7500,1.0000,0.8000,0.7333,0.9000,0.7000,0.8667,0.9000,0.9680,0.9204,0.7800,0.9680,0.8364,0.9800,0.9920,0.9836,0.8000,0.9680,0.8504,0.9200,0.9920,0.9416,0.8600,0.9920,0.8996,0.8800,1.0000,0.9160,0.8000,0.9680,0.8504,0.8000,0.9240,0.8372,0.8600,0.9400,0.8840,0.9600,0.9920,0.9696,0.8400,0.9600,0.8760,0.7575,0.7822,0.7699,0.8199,0.7654,0.7121,0.7230,0.7965,0.7917,0.7667,0.8500,0.7000,0.8167,0.8167,0.8222,0.8900,0.8600,0.8800,0.8500,0.8900,0.9500,0.9600,0.9250,0.8867,0.9250,0.8867,0.9300,0.9400,0.9200,0.9100,0.9600,0.9100,68,91,248
1311,0.8000,0.6522,0.7727,0.6667,0.5417,0.6667,0.7600,0.7391,0.6471,0.4615,0.7500,0.6957,0.6538,0.8947,0.9333,0.9333,0.7059,0.8667,0.9000,0.7368,0.6316,0.8333,0.7500,0.5625,0.2143,0.5714,0.4000,0.5385,0.8000,0.6000,0.2727,0.7895,0.8333,0.8235,0.6250,0.7368,0.4118,0.5455,0.5882,0.7000,0.6154,0.7647,0.5294,0.8235,0.8947,0.5000,0.6667,1.0000,0.8333,0.7647,0.7778,0.7778,0.8824,0.7857,0.8571,0.9130,0.8333,0.5714,0.9474,0.7647,0.8824,0.7500,0.6250,0.6250,0.7813,0.3529,0.7000,0.5000,0.5263,0.5789,0.6842,0.5833,0.7647,0.5714,0.6429,0.7000,0.7500,0.8421,0.7895,0.8947,0.9000,0.6957,0.6000,0.4615,0.7333,0.7647,0.5238,0.7222,0.6500,0.5625,0.7059,0.7500,0.7647,0.7500,0.7143,0.4444,0.4762,0.7059,0.7000,0.7059,0.9167,0.5000,0.6842,0.7727,0.6842,0.5909,0.5455,0.6667,0.8333,0.5455,0.6154,0.5455,0.9333,0.7000,0.6957,0.6316,0.8696,0.5455,0.7500,0.8636,0.7692,0.3000,0.6842,0.7895,0.1935,,0.6471,0.7895,0.6190,0.7222,0.7222,0.8000,0.8000,0.7000,0.6000,0.9000,0.7000,0.7333,0.8000,0.7000,0.8000,0.5000,0.9000,0.8667,0.6000,0.7000,0.8000,0.7000,0.7000,0.4000,0.7333,0.4000,0.5333,0.8667,0.8000,0.8333,0.5455,0.6000,0.7500,0.6667,1.0000,0.3333,0.8000,0.9000,0.6667,0.9400,0.9920,0.9556,0.8600,0.9400,0.8840,0.9000,0.9520,0.9156,0.8600,0.9480,0.8864,0.9400,0.9920,0.9556,0.7800,0.9760,0.8388,0.7400,0.9840,0.8132,0.9400,0.9840,0.9532,0.8200,0.9560,0.8608,0.8000,0.9680,0.8504,0.8200,0.9840,0.8692,0.8200,0.9680,0.8644,0.6775,0.7334,0.7054,0.5846,0.6636,0.7262,0.6929,0.6624,0.7444,0.7334,0.7500,0.7000,0.6524,0.6493,0.7889,0.9000,0.8600,0.7400,0.8400,0.7900,0.8600,0.7600,0.8550,0.8317,0.8550,0.8317,0.8800,0.8300,0.8300,0.8800,0.8800,0.8300,57,74,228
1341,0.9000,0.6522,0.7727,0.7143,0.7500,0.8000,0.8000,0.6087,0.4706,0.6154,0.5000,0.6087,0.6154,0.7895,0.6000,0.8667,0.8235,0.8667,0.6500,0.4737,0.4737,0.5000,0.7500,0.3750,0.5000,0.7143,0.6000,0.7692,0.7333,0.4000,0.8182,0.7368,0.8333,0.7059,0.5000,0.9474,0.5294,0.4545,0.5294,0.6500,0.7692,0.7059,0.7647,0.8235,0.9474,0.5714,0.6667,0.5000,0.8333,0.5294,0.6111,0.7222,0.6471,0.5714,0.6429,0.8696,0.4444,0.5714,0.6316,0.8235,0.8235,0.5625,0.5625,0.5000,0.7500,0.5294,0.6500,0.4375,0.4737,0.5789,0.4211,0.5000,0.5882,0.6190,0.6429,0.5000,0.4375,0.6316,0.6316,0.7368,0.7500,0.6087,0.6000,0.3077,0.6000,0.7647,0.6667,0.7222,0.5000,0.7500,0.6471,0.6875,0.5882,0.8750,0.7143,0.3889,0.5714,0.7647,0.7000,0.4706,0.6667,0.5500,0.6316,0.6364,0.6316,0.6364,0.8182,0.6667,0.6667,0.5455,0.4615,0.1818,0.7333,0.6000,0.8696,0.5263,0.6522,0.5455,0.8750,0.6364,0.6154,0.6000,0.4737,0.7895,0.5806,0.4500,0.5882,0.6316,0.5238,0.3333,0.7222,0.7000,0.8000,0.9000,0.5000,0.8000,0.9000,0.7333,0.9000,0.3000,0.7000,0.6000,0.8000,0.8000,0.6667,0.4000,0.8000,0.5000,0.5000,0.8000,0.7333,0.3333,0.4667,0.7333,0.5333,0.5833,0.5455,0.4000,0.9167,0.5833,0.8000,0.5333,0.6000,0.7000,0.6667,0.9200,0.9840,0.9392,0.8200,0.9720,0.8656,0.8800,0.9760,0.9088,0.8000,0.9760,0.8528,0.8400,0.9680,0.8784,0.7200,0.9600,0.7920,0.7000,0.9920,0.7876,0.6600,0.8520,0.7176,0.7800,0.9680,0.8364,0.7800,0.9560,0.8328,0.7600,0.9840,0.8272,0.8000,1.0000,0.8600,0.6775,0.6449,0.6612,0.6256,0.7144,0.6125,0.6211,0.6058,0.7194,0.7334,0.6000,0.5000,0.5976,0.6298,0.6556,0.8700,0.7900,0.7000,0.7600,0.6800,0.7500,0.5600,0.7750,0.7583,0.7750,0.7583,0.8400,0.7500,0.8000,0.7100,0.7000,0.8400,45,65,217
1378,0.8000,0.4783,0.8182,0.5714,0.6250,0.9333,0.7200,0.6087,0.4706,0.6154,0.6875,0.6087,0.5000,0.5789,0.6667,0.8000,0.3529,0.6667,0.4500,0.5263,0.2105,0.6667,0.3333,0.5000,0.2857,0.4286,0.2000,0.3846,0.6000,0.6000,0.5455,0.8947,0.7222,0.4118,0.1250,0.7895,0.5294,0.6364,0.4706,0.9000,0.8462,0.4118,0.4706,0.8235,0.5789,0.5714,0.6667,0.3571,0.7500,0.5294,0.3333,0.6667,0.4706,0.5714,0.8214,0.6522,0.4444,0.4286,0.3684,0.5882,0.2941,0.6875,0.3750,0.3750,0.6563,0.4118,0.5500,0.5000,0.3684,0.4737,0.5789,0.5000,0.3529,0.5714,0.5000,0.6000,0.4375,0.5789,0.5789,0.7368,0.7500,0.5652,0.5333,0.5385,0.5333,0.5294,0.6667,0.5000,0.5000,0.8750,0.5294,0.4375,0.6471,0.5000,0.8571,0.5000,0.4762,0.5294,0.7500,0.5882,0.6667,0.3000,0.4211,0.4091,0.4211,0.5455,0.6364,0.8667,0.6250,0.3636,0.2308,0.5455,0.6000,0.7000,0.5652,0.5789,0.6522,0.8182,0.7500,0.6818,0.4615,0.4000,0.3684,0.3158,0.6774,0.3000,0.4118,0.7368,0.6190,0.6111,0.7222,0.9000,0.9000,0.7000,0.8000,0.7000,0.8000,0.8000,0.8000,0.6000,0.8000,0.6000,0.7000,0.7333,0.7333,0.7000,,0.8000,0.4000,0.8000,0.5333,0.4667,,0.5333,0.5333,,0.4545,0.6000,0.7500,0.4167,0.7000,0.6000,,0.5000,0.5333,0.8000,0.9760,0.8528,0.5800,0.9680,0.6964,0.8400,0.9760,0.8808,0.7400,0.9480,0.8024,0.7000,0.9840,0.7852,0.6000,0.9560,0.7068,0.6000,0.9920,0.7176,0.6200,0.9600,0.7220,0.7400,0.9440,0.8012,0.6800,0.9840,0.7712,0.7400,0.9840,0.8132,0.6800,0.9760,0.7688,0.6490,0.4974,0.5732,0.4462,0.6104,0.5189,0.5776,0.5445,0.7583,0.7333,0.7000,0.6000,0.5733,0.5869,0.5167,0.7400,0.6800,0.6000,0.6900,0.6700,0.6500,0.5200,0.7150,0.6717,0.7150,0.6717,0.7600,0.7500,0.7200,0.6300,0.7400,0.6900,40,57,226
1503,0.8500,0.5217,0.7273,0.5238,0.5000,0.7333,0.6800,0.7391,0.4706,0.6923,0.7500,0.5652,0.6923,0.6842,0.6667,0.7333,0.7647,0.6667,0.6000,0.4737,0.4737,0.5000,0.3333,0.3125,0.3571,0.5714,0.6000,0.3077,0.5333,0.4000,0.5455,0.7368,0.7222,0.5882,0.6250,0.4737,0.4706,0.6364,0.6471,0.7000,0.5385,0.8235,0.8235,0.8824,0.8421,0.2857,0.7500,0.2857,0.6667,0.5882,0.5000,0.7222,0.6471,0.4286,0.7500,0.6957,0.5556,0.4286,0.3684,0.7059,0.7059,0.6250,0.4375,0.6250,0.7188,0.4118,0.6500,0.3750,0.6842,0.4211,0.7895,0.3333,0.4118,0.6190,0.5000,0.6500,0.5000,0.7368,0.4211,0.5789,0.6000,0.6957,0.6000,0.4615,0.6667,0.6471,0.6667,0.5556,0.6500,0.7500,0.7059,0.8750,0.5882,0.8125,0.5000,0.5556,0.6190,0.5294,0.7000,0.4118,0.8333,0.6000,0.4737,0.5455,0.4737,0.6364,0.5909,0.7333,0.4583,0.4545,0.5385,0.5455,0.6667,0.7000,0.7391,0.6842,0.5652,0.8182,0.9167,0.6364,0.5385,0.3000,0.5263,0.5263,0.6452,0.2000,0.5294,0.5789,0.6667,0.6111,0.6667,0.8000,0.7000,0.7000,0.6000,0.5000,0.7000,0.4667,0.6000,0.7000,0.7000,0.5000,0.6000,0.6000,0.2667,0.5000,0.7000,0.6000,0.5000,0.7000,0.8667,0.5333,,0.8667,0.6000,0.5833,0.5455,0.6000,0.8333,0.5833,0.9000,0.6000,0.9000,0.6000,0.6667,0.7000,0.9680,0.7804,0.7000,0.9680,0.7804,0.8400,0.9920,0.8856,0.7800,0.9680,0.8364,0.6000,0.9920,0.7176,0.7000,0.9920,0.7876,0.8000,1.0000,0.8600,0.6400,0.9680,0.7384,0.7400,0.9240,0.7952,0.7400,0.9400,0.8000,0.7400,0.9920,0.8156,0.6600,0.9600,0.7500,0.6497,0.5490,0.5993,0.4603,0.6704,0.5701,0.6058,0.5855,0.6306,0.4334,0.6000,0.5500,0.6917,0.6770,0.7222,0.7500,0.6900,0.8000,0.7000,0.8200,0.7700,0.6800,0.7925,0.7550,0.7925,0.7550,0.8500,0.8500,0.7400,0.7300,0.7800,0.9000,43,79,229
1529,0.7500,0.5652,0.7727,0.6190,0.7083,0.3333,0.5200,0.6957,0.5294,0.5385,0.3750,0.6957,0.7692,0.4211,0.6000,0.6667,0.8824,0.8000,0.6000,0.6842,0.3158,0.4167,0.5000,0.2500,0.5714,0.7143,0.1000,0.4615,0.3333,0.5333,0.0909,0.8947,0.5000,,0.8750,0.7895,0.5882,0.5455,0.5882,0.7000,0.5385,0.8235,0.7059,0.8235,0.6316,0.5714,0.5833,0.7143,0.5000,,0.4444,0.5556,0.5882,0.3571,0.7857,0.6522,0.5556,0.7143,0.5263,0.5882,0.5882,0.6875,0.5000,0.8125,0.6875,0.5294,0.6500,0.5000,0.5263,0.4211,0.5263,0.3333,0.3529,0.4762,0.3571,0.5500,0.5625,0.4211,0.5789,0.6316,0.6500,0.7391,0.6000,0.6154,0.6000,0.4118,0.5714,0.6111,0.5000,0.4375,0.6471,0.5625,,0.5625,0.3571,0.3889,0.4286,0.5882,0.8500,0.5882,0.7500,0.4500,0.3158,0.3636,0.3158,0.5000,0.6364,0.5333,0.5417,0.4545,0.6923,0.7273,0.8667,1.0000,0.6087,0.3684,0.6087,0.7273,0.5833,0.5455,0.6154,0.4000,0.4211,0.7368,0.7419,0.4500,0.4706,0.5789,0.6667,0.6667,0.7222,0.5000,0.9000,0.8000,0.4000,0.7000,0.7000,0.4667,0.6000,0.5000,0.8000,0.5000,0.7000,0.4667,0.7333,0.4000,,0.3000,0.6000,0.4000,0.6667,0.3333,0.4667,0.8667,0.6667,0.6667,0.4545,0.4000,0.5833,0.2500,0.4000,0.5333,0.4000,0.7000,,0.8000,0.9760,0.8528,0.7400,0.9840,0.8132,0.7400,0.9840,0.8132,0.8000,0.9920,0.8576,0.7000,1.0000,0.7900,0.6000,0.9680,0.7104,0.7400,0.9560,0.8048,0.6000,0.9760,0.7128,0.7200,0.9760,0.7968,0.6000,0.9840,0.7152,0.7600,1.0000,0.8320,0.6800,0.9400,0.7580,0.6055,0.5710,0.5883,0.3570,0.6496,0.5826,0.5422,0.5770,0.6306,0.6000,0.4000,0.4500,0.5810,0.4369,0.5500,0.7600,0.7000,0.7400,0.6700,0.6200,0.6800,0.5600,0.7400,0.6950,0.7400,0.6950,0.7400,0.7700,0.7100,0.7400,0.7000,0.7400,50,59,211
1583,0.9000,0.5652,0.6818,0.7619,0.7500,0.8000,0.7200,0.7826,0.8235,0.6923,0.6875,0.8261,0.6538,0.7895,0.8000,0.8667,0.5882,0.6000,0.7500,0.5789,0.5789,0.8333,0.9167,0.6875,0.4286,0.8095,0.7000,0.6923,0.7333,0.8000,0.7273,0.8947,0.6111,0.9412,0.6250,0.8421,0.5882,0.4545,0.7647,0.9500,0.8462,0.8235,0.7647,0.8235,1.0000,0.7143,0.7500,0.8571,0.6667,0.5882,0.6667,0.7222,0.7647,0.5714,0.8929,0.8696,0.5556,0.5714,0.6316,0.8235,0.8235,0.7500,0.6875,0.5625,0.6563,0.8235,0.7500,0.8750,0.6316,0.7368,0.6316,0.5000,0.5294,0.7143,0.8571,0.6500,0.5625,0.6842,0.7368,0.6316,0.6500,0.5217,0.7333,0.7692,0.7333,0.8824,0.7143,0.9444,0.8000,0.6875,0.7647,0.8750,0.6471,0.5625,0.5714,0.7222,0.6667,0.9412,0.6500,0.4706,0.6667,0.8500,0.7368,,0.7368,0.8182,0.7273,0.8667,0.8333,0.7273,0.4615,0.7273,0.8667,0.9000,0.8261,0.6842,0.7826,0.9091,0.9167,0.6818,0.5385,0.9000,0.7895,0.8421,0.8065,0.8500,0.7647,0.8421,0.8095,0.7222,0.6111,0.8000,0.9000,1.0000,0.6000,1.0000,0.7000,0.8667,0.7000,1.0000,0.7000,0.7000,0.9000,0.8667,0.8000,0.6000,0.7000,0.7000,0.6000,0.5000,0.8667,0.6000,0.8000,0.8000,0.6667,0.9167,0.4545,0.7000,0.6667,0.8333,0.8000,0.6000,0.6000,0.6000,0.6667,0.8200,0.9840,0.8692,0.8200,0.9840,0.8692,0.8400,0.9800,0.8820,0.8600,0.9520,0.8876,0.8000,1.0000,0.8600,0.7200,0.9680,0.7944,0.8000,0.9840,0.8552,0.8000,0.9760,0.8528,0.7200,0.9480,0.7884,0.8200,0.9600,0.8620,0.8600,0.9680,0.8924,0.7800,0.9920,0.8436,0.7419,0.7098,0.7259,0.7314,0.7771,0.7144,0.6947,0.7768,0.8222,0.8334,0.6500,0.6500,0.7357,0.6758,0.6222,0.8300,0.7900,0.8000,0.8000,0.8100,0.8100,0.7000,0.8750,0.8067,0.8750,0.8067,0.9000,0.8600,0.8500,0.8900,0.8600,0.9300,51,68,236
1601,0.8000,0.4348,0.5455,0.6190,0.4167,0.6667,0.6800,0.6957,0.4706,0.7692,0.6875,0.6087,0.6923,0.3684,0.8000,1.0000,0.5882,0.6000,0.5500,0.5263,0.3158,0.7500,0.6667,0.4375,0.5000,0.4762,0.8000,0.5385,0.7333,0.7333,0.8182,0.9474,0.9444,0.6471,0.5000,0.7368,0.5882,0.8182,0.6471,0.8000,0.4615,0.7059,0.4118,0.7059,0.9474,0.3571,0.7500,0.4286,0.7500,0.7059,0.6667,0.8889,0.8235,0.4286,0.7143,0.9130,0.5556,0.3571,0.5263,0.6471,0.6471,0.7500,0.6250,0.6250,0.6875,0.5294,0.5000,0.6875,0.6316,0.4211,0.5263,0.6667,0.6471,0.5714,0.5714,0.6500,0.5625,0.7895,0.7895,0.7368,0.7500,0.6957,0.6000,0.5385,0.8000,0.6471,0.6667,0.5000,0.5500,0.5000,0.7059,0.4375,0.6471,0.6875,0.6429,0.5556,0.2857,0.7059,0.6000,0.4706,0.6667,0.6500,0.5789,0.6364,0.5789,0.6364,0.7273,0.8667,,0.4545,0.6923,0.3636,0.8000,0.5000,0.5217,0.6316,0.6087,0.7273,0.5833,0.8182,0.7692,0.7000,0.6316,0.7895,0.6129,0.3500,0.7059,0.8421,1.0000,0.6667,0.8889,0.7000,0.7000,0.9000,0.7000,0.9000,0.8000,0.8667,0.8000,0.7000,0.5000,0.5000,0.6000,0.8000,0.6667,0.5000,0.9000,0.6000,0.6000,0.7000,0.8667,0.8000,0.8000,0.8000,0.6667,0.5000,0.6364,0.4000,0.7500,0.6667,0.9000,0.4000,,0.8000,0.6000,0.9000,0.9760,0.9228,0.8000,0.9840,0.8552,0.8400,0.9840,0.8832,0.8600,0.9920,0.8996,0.9200,1.0000,0.9440,0.7800,0.9680,0.8364,0.9000,0.9560,0.9168,0.7000,0.9760,0.7828,0.8600,0.9760,0.8948,0.8000,0.9840,0.8552,0.8000,1.0000,0.8600,0.7800,0.9400,0.8280,0.6221,0.5830,0.6025,0.7013,0.7120,0.6209,0.6213,0.6666,0.7222,0.7334,0.7000,0.6000,0.7333,0.6255,0.7000,0.8500,0.8500,0.9000,0.7900,0.8200,0.8900,0.8000,0.8525,0.8500,0.8525,0.8500,0.8700,0.8300,0.8600,0.8500,0.7800,0.8400,52,67,228
1691,0.8000,0.6087,0.6364,0.6190,0.4167,0.6667,0.7200,0.5217,0.4706,0.3846,0.4375,0.5217,0.7308,0.6842,0.6000,0.6000,0.7647,0.6000,0.5500,0.6316,0.6316,0.6667,1.0000,0.3125,0.5000,0.5238,0.4000,0.5385,0.6667,0.2667,0.3636,0.6316,0.5000,0.5882,0.6250,0.6842,0.4118,0.3636,0.5882,0.5000,,0.7059,0.4118,0.4118,0.8947,0.5714,0.3333,0.2857,0.2500,0.3529,0.3333,0.7222,0.5882,,0.6429,0.4348,0.5000,0.5000,0.5263,0.5882,0.5882,0.5000,0.6250,0.6250,0.8125,0.4118,0.6000,0.3750,0.4737,0.4737,0.5263,0.4167,0.7647,0.6667,0.5714,0.5500,0.4375,0.6316,0.6842,0.5263,0.5500,0.7391,0.6667,0.4615,0.4000,0.6471,0.6667,0.4444,0.6000,0.4375,0.6471,0.6250,0.7059,0.7500,0.6429,0.4444,0.2381,0.7647,0.7500,0.5294,0.5833,0.4500,0.6842,0.5455,0.6842,0.5909,0.7727,0.7333,0.4583,0.4545,0.6923,0.6364,0.6000,0.6000,0.5217,0.5789,0.6087,0.5455,0.8333,0.8182,0.6154,0.7000,0.6842,0.5789,0.5484,0.3500,0.4706,0.6842,0.4762,0.6111,0.5556,0.6000,0.9000,0.5000,0.7000,0.7000,0.6000,0.6000,0.7000,0.6000,0.8000,0.5000,0.9000,0.6000,0.4000,0.5000,0.6000,0.7000,0.7000,0.5000,0.7333,0.3333,0.6667,0.6000,0.7333,0.5000,0.5455,0.6000,0.7500,0.6667,0.8000,0.5333,0.8000,0.5000,,0.7000,0.9920,0.7876,0.6800,0.9520,0.7616,0.7400,0.9920,0.8156,0.7600,0.9760,0.8248,0.7800,0.9680,0.8364,0.6800,0.9600,0.7640,0.7800,1.0000,0.8460,0.5200,0.9680,0.6544,0.7800,0.9920,0.8436,0.7200,0.9760,0.7968,0.6400,0.9920,0.7456,0.7000,0.9440,0.7732,0.5796,0.6204,0.6000,0.4680,0.5486,0.5056,0.5848,0.6028,0.6750,0.5000,0.5500,0.7000,0.5809,0.6493,0.6500,0.7100,0.7400,0.7800,0.6700,0.7400,0.7900,0.5400,0.8100,0.7383,0.8100,0.7383,0.8900,0.8300,0.7500,0.7700,0.7600,0.8000,39,73,242
1799,0.8000,0.7826,0.6818,0.9048,0.7500,1.0000,0.7200,0.7826,0.7059,0.5385,0.7500,0.8696,0.8846,0.6842,0.8000,0.8000,0.7647,0.7333,0.7000,0.8947,0.7368,0.9167,0.8333,0.6250,0.5000,0.7619,0.6000,0.8462,0.9333,0.6667,0.9091,0.8947,0.8889,0.8235,0.8750,0.8947,0.5882,0.9091,0.8235,0.9500,0.8462,0.7059,0.9412,0.8235,0.8947,0.4286,0.8333,0.7857,1.0000,0.6471,0.6667,0.8333,0.7647,0.6429,0.8214,0.8261,0.7222,0.8571,0.7368,0.7647,0.8824,0.7500,0.8125,0.7500,0.8438,0.7647,0.9500,0.9375,0.7895,0.5263,0.7895,0.5833,0.5294,0.6667,0.7857,0.9000,0.7500,0.8421,0.7368,0.8947,0.9000,0.8261,0.6667,0.6923,0.7333,0.8235,0.8095,0.8889,0.7000,0.8125,0.5882,0.8125,0.7647,1.0000,0.7857,0.8333,0.6667,0.8235,,0.5294,1.0000,0.7500,0.6316,0.9091,0.6316,0.5455,0.7273,0.8667,0.9167,0.6364,0.6923,0.3636,0.6667,0.8000,0.6957,0.5789,0.6522,0.8182,0.7500,0.7273,0.6923,0.5000,0.5263,0.7895,0.7742,0.8000,0.6471,0.8947,0.7619,0.8333,0.8333,0.8000,1.0000,0.9000,0.8000,0.9000,0.9000,0.6667,0.7000,0.8000,0.8000,0.5000,0.9000,0.8667,0.7333,0.8000,0.9000,0.8000,0.7000,1.0000,0.8667,0.6667,0.8667,0.7333,0.8667,0.8333,0.4545,1.0000,0.9167,0.9167,1.0000,0.9333,0.8000,0.8000,,0.8400,0.9760,0.8808,0.9200,0.9840,0.9392,0.9600,0.9840,0.9672,0.7000,0.9920,0.7876,0.8800,1.0000,0.9160,0.9000,0.9680,0.9204,0.8200,0.9560,0.8608,0.8400,0.9760,0.8808,0.8000,0.9760,0.8528,0.7600,0.9840,0.8272,0.9400,1.0000,0.9580,0.8000,0.9400,0.8420,0.7823,0.7500,0.7662,0.7616,0.8512,0.7741,0.7705,0.7137,0.8056,0.8000,0.8500,0.7500,0.8333,0.8702,0.8000,0.9100,0.8300,0.8200,0.8300,0.8600,0.8800,0.8800,0.8875,0.8550,0.8875,0.8550,0.9300,0.8900,0.8600,0.8700,0.9000,0.9500,58,89,251
1933,0.7500,0.6087,0.7273,0.5238,0.7083,0.8000,0.7600,0.5652,0.5882,0.6923,0.5000,0.7391,0.7692,0.6842,0.5333,0.6000,0.5882,0.6000,0.4500,0.4737,0.4211,0.7500,0.5833,0.6875,0.2857,0.5714,0.6000,0.6154,0.6000,0.4667,0.8182,0.8421,0.9444,0.7059,0.2500,0.4737,0.6471,0.4545,0.4706,0.9500,0.5385,0.7647,0.3529,0.9412,0.8421,0.6429,0.6667,0.3571,0.5833,0.4118,0.5556,0.8889,0.5294,0.5000,0.8571,0.4783,0.4444,0.4286,0.6842,0.7059,0.9412,0.7500,0.5000,0.8125,0.6563,0.5882,0.6000,0.7500,0.2632,0.5263,0.4737,0.4167,0.5882,0.4762,0.6429,0.6000,0.7500,0.7895,0.5789,0.5789,0.6000,0.5217,0.5333,0.4615,0.8000,0.7647,0.5714,0.7778,0.7000,0.8125,0.6471,0.6875,0.7059,0.9375,0.4286,0.5556,0.4762,0.7647,0.7500,0.5294,0.8333,0.5500,0.3684,0.7727,0.3684,0.5455,0.5909,0.6000,0.9167,0.4545,0.7692,0.2727,0.5333,0.8000,0.7826,0.5789,0.6957,0.7273,0.7500,0.7727,0.5385,0.3000,0.6842,0.7368,0.7742,0.6000,0.5882,0.6316,0.6667,0.5556,0.6111,0.7000,0.8000,0.8000,0.5000,0.9000,0.6000,0.8000,0.6000,0.8000,0.6000,0.5000,0.8000,0.8000,0.6000,0.4000,0.8000,0.7000,0.7000,0.6000,0.8667,0.5333,0.6667,0.9333,0.5333,0.7500,0.8182,0.6000,0.8333,0.5833,0.9000,0.6667,0.7000,0.5000,,0.8600,0.9840,0.8972,0.8400,0.9720,0.8796,0.9000,0.9760,0.9228,0.7400,0.9760,0.8108,0.7600,0.9680,0.8224,0.7000,0.9600,0.7780,0.7800,0.9920,0.8436,0.6600,0.8520,0.7176,0.7800,0.9680,0.8364,0.6200,0.9560,0.7208,0.8000,0.9840,0.8552,0.7400,1.0000,0.8180,0.6717,0.5560,0.6139,0.5705,0.6664,0.5998,0.6427,0.6179,0.7000,0.7000,0.6000,0.7000,0.6976,0.7336,0.6000,0.8700,0.7300,0.7800,0.7200,0.7900,0.7400,0.8200,0.7900,0.7717,0.7900,0.7717,0.8400,0.7900,0.8000,0.7300,0.7800,0.7500,49,69,234
2009,0.8000,0.6957,0.8182,0.5238,0.5417,0.8000,0.7600,0.7391,0.5294,0.6154,0.5000,0.8261,0.7308,0.7895,0.6667,0.6667,0.5294,0.7333,0.8000,0.7368,0.5789,0.7500,0.7500,0.6250,0.5000,0.6667,0.5000,0.7692,0.8667,0.5333,0.9091,1.0000,0.9444,0.8235,0.6250,0.7368,0.8824,0.6364,0.7059,0.9000,0.8462,0.5882,0.8824,0.8824,1.0000,0.6429,0.6667,0.6429,0.9167,0.6471,0.6111,0.7222,0.6471,0.5000,0.8571,0.7826,0.6667,0.6429,0.8421,0.5882,0.7059,0.7500,0.5000,0.5000,0.7813,0.3529,0.7000,0.8125,0.6842,0.5263,0.6842,0.5833,0.5294,0.6190,0.7857,0.7000,0.6875,0.7368,0.6842,0.6316,0.6500,0.6957,0.3333,0.6154,0.8000,0.7059,0.5714,0.6667,0.7000,0.8750,0.9412,0.7500,0.7647,0.6875,0.6429,0.6667,0.4762,0.8824,0.7500,0.6471,0.6667,0.6500,0.6842,0.5000,0.6842,0.5455,0.7727,0.8000,0.9167,0.5455,0.5385,0.3636,0.9333,0.8000,0.5652,0.6842,0.8261,0.8182,0.7917,0.6818,0.6154,0.6000,0.6316,0.6842,0.7419,0.7000,0.7647,0.7895,0.9048,0.6111,0.8333,0.8000,0.9000,0.9000,0.4000,0.9000,0.7000,0.8667,1.0000,0.8000,0.9000,0.7000,0.9000,0.8667,0.6667,0.8000,1.0000,1.0000,0.6000,0.7000,0.9333,0.5333,0.8667,,0.8667,1.0000,0.7273,0.6000,0.7500,0.8333,1.0000,0.6667,0.7000,0.9000,0.6000,0.8400,0.9640,0.8772,0.8000,0.9600,0.8480,1.0000,0.9920,0.9976,0.9200,0.9520,0.9296,0.8600,0.9400,0.8840,0.8000,0.9680,0.8504,0.9200,0.9760,0.9368,0.7600,0.9120,0.8056,0.8200,0.9520,0.8596,0.8200,0.9200,0.8500,0.8600,0.9920,0.8996,0.8400,0.9520,0.8736,0.6831,0.6764,0.6797,0.6673,0.8242,0.6682,0.6815,0.6993,0.8139,0.7667,0.9000,0.8000,0.8167,0.7629,0.7333,0.8800,0.8600,0.9200,0.8200,0.8400,0.8900,0.9400,0.8800,0.8683,0.8800,0.8683,0.8800,0.9200,0.8400,0.8800,0.8600,0.9500,46,68,236
2089,0.7000,0.6087,0.7273,0.7619,0.4167,0.6667,0.4400,0.6957,0.2941,0.5385,0.3750,0.6522,0.6923,0.6316,0.8000,0.8000,0.7647,0.8000,0.4500,0.7368,0.6316,0.8333,0.5833,0.6250,0.1429,0.6667,0.5000,0.5385,0.7333,0.5333,0.4545,0.7368,0.5556,0.5882,0.6250,0.6316,0.6471,0.7273,0.5882,0.6500,0.7692,0.5882,0.7059,0.7647,0.7368,0.5000,0.5000,0.5000,0.5833,0.6471,0.6667,0.6667,0.6471,0.3571,0.7500,0.8696,0.3889,0.6429,0.5263,0.8824,0.7647,0.6875,0.5625,0.5625,0.6875,0.2353,0.6000,0.6250,0.6316,0.5789,0.5263,0.5000,0.5294,0.4762,0.5714,0.5500,0.4375,0.5263,0.6842,0.6316,0.6500,0.5652,0.4667,0.3846,0.7333,0.6471,0.6667,0.6667,0.4500,0.6250,0.7059,0.6250,0.2941,0.6875,0.5714,0.3889,0.3333,0.5882,0.6500,0.4118,0.6667,0.5000,0.4211,0.5000,0.4211,0.5909,0.6364,0.5333,0.3750,0.4545,0.5385,0.2727,0.5333,0.5000,0.7826,0.5263,0.6522,0.6364,0.5417,0.6818,0.6923,0.5000,0.5789,0.5789,0.5806,0.5500,0.5294,0.4211,0.6667,0.4444,0.4444,0.6000,0.8000,0.7000,0.4000,0.7000,0.6000,0.3333,0.6000,0.5000,0.3000,0.6000,0.9000,0.5333,0.4667,0.3000,0.7000,0.8000,0.6000,0.5000,0.7333,0.5333,0.6000,0.9333,0.6667,0.3333,0.5455,0.4000,0.5000,0.5000,0.7000,0.4000,0.5000,0.7000,,0.7200,0.9840,0.7992,0.6800,0.9720,0.7676,0.7600,0.9760,0.8248,0.7800,0.9760,0.8388,0.7600,0.9680,0.8224,0.7400,0.9600,0.8060,0.7600,0.9920,0.8296,0.6200,0.8520,0.6896,0.7400,0.9680,0.8084,0.7000,0.9560,0.7768,0.6800,0.9840,0.7712,0.6800,1.0000,0.7760,0.5822,0.6512,0.6167,0.5763,0.6513,0.5996,0.5562,0.5362,0.5861,0.5000,0.5000,0.7000,0.6143,0.5076,0.6000,0.7200,0.7600,0.7600,0.6800,0.7000,0.6900,0.6600,0.7775,0.7183,0.7775,0.7183,0.7900,0.7900,0.7400,0.7900,0.7800,0.8300,48,66,221
2109,0.7500,0.8696,0.7727,0.6190,0.7500,0.6000,0.7600,0.6522,0.6471,0.6923,0.6250,0.6957,0.4615,0.7368,0.8000,0.7333,0.5882,0.8000,0.6500,0.8947,0.4737,0.8333,0.6667,0.6875,0.4286,0.5714,0.5000,0.3077,0.6667,0.5333,0.8182,0.6316,0.7222,0.4706,0.2500,0.6842,0.5294,0.6364,,0.8000,0.3846,0.7059,0.8235,0.6471,0.6316,0.7857,0.7500,0.5000,0.5833,0.5882,0.6667,0.7778,0.8235,0.3571,0.6786,0.7826,0.7222,0.5714,0.7368,0.5882,0.8235,0.6875,0.6250,0.3125,0.6875,0.5294,0.6000,0.3750,0.3684,0.3684,0.6316,0.5833,0.7647,0.6190,0.6429,0.4500,0.2500,0.4211,0.6316,0.7368,0.7500,0.6957,0.7333,0.5385,0.7333,0.7647,0.4762,0.5556,0.6000,0.4375,0.4706,0.5000,0.4118,0.6250,0.3571,0.4444,0.3810,0.5294,0.6000,0.5882,0.5833,,0.4211,0.6818,0.4211,0.5455,0.6364,0.6667,0.7500,0.3636,0.6154,0.2727,0.7333,0.5000,0.5217,0.7368,0.6957,0.7273,0.8333,0.8182,0.5385,0.7000,0.3684,0.7368,0.8387,0.4500,0.5882,0.7368,0.5714,0.6111,0.3333,0.8000,0.9000,0.7000,0.6000,0.8000,0.6000,1.0000,0.9000,0.6000,0.9000,0.7000,0.8000,0.8000,0.6000,0.8000,0.7000,0.4000,0.7000,0.5000,0.4667,0.4000,0.2000,0.4000,,0.5000,0.4545,0.5000,0.5000,0.5000,0.7000,0.4667,0.8000,0.4000,0.4667,0.8200,0.9760,0.8668,0.8000,0.9920,0.8576,0.8600,0.9840,0.8972,0.9200,0.9840,0.9392,0.6800,1.0000,0.7760,0.9000,0.9920,0.9276,0.8600,1.0000,0.9020,0.7200,0.9600,0.7920,0.7400,0.9680,0.8084,0.8600,0.9520,0.8876,0.7600,0.9840,0.8272,0.7400,0.9840,0.8132,0.6842,0.6819,0.6831,0.5019,0.6240,0.6123,0.5625,0.6005,0.7750,0.7000,0.7500,0.5500,0.4111,0.5202,0.5556,0.8300,0.8300,0.8600,0.7600,0.7200,0.7100,0.8000,0.7950,0.7850,0.7950,0.7850,0.7700,0.7800,0.8400,0.7900,0.8200,0.8100,46,66,216
2119,0.8000,0.7391,0.8636,0.7143,0.9583,0.6667,0.7200,0.7826,0.4118,0.7692,0.6875,0.6957,0.8462,0.8947,0.6667,0.8667,0.7647,0.7333,0.9000,0.7368,0.6842,0.8333,1.0000,0.4375,0.6429,0.6190,0.2000,0.6154,0.8667,0.8000,0.5455,0.8421,0.8889,0.8235,0.6250,0.5789,0.5294,0.7273,0.7059,0.9500,0.7692,0.6471,0.4706,0.8824,0.8947,0.7143,0.5833,0.6429,0.6667,0.8824,0.7778,0.8333,0.7059,0.7143,0.7500,0.8696,0.7222,0.5000,0.6316,0.6471,0.8235,0.7500,0.8125,0.8125,0.7813,0.5882,0.6000,0.6250,0.6316,0.7368,0.6316,0.6667,0.7059,0.5238,0.6429,0.7000,0.7500,0.5789,0.7895,0.5263,0.5500,0.6522,0.4667,0.6923,0.7333,0.8235,0.5714,0.7778,0.5500,0.6250,0.7647,0.6875,0.7647,0.8125,0.7857,0.6111,0.4762,0.5882,0.6500,0.4118,0.6667,0.7500,0.5789,0.6818,0.5789,0.7273,0.8636,0.8000,0.7917,0.5455,0.7692,0.5455,0.8667,0.9000,0.7826,0.4737,0.6087,0.8182,0.8750,0.9545,0.6923,0.8000,0.6842,0.6316,0.7097,0.6500,0.7059,0.8421,0.7619,0.6111,0.7778,0.8000,1.0000,0.8000,0.7000,0.9000,0.7000,0.8000,0.9000,0.6000,0.9000,0.5000,0.9000,0.8667,0.7333,0.8000,1.0000,0.9000,0.7000,0.7000,0.7333,0.8000,0.8000,0.6667,0.7333,0.9167,0.5455,0.6000,0.9167,0.8333,0.8000,0.6000,0.8000,0.8000,0.5333,0.8600,0.9680,0.8924,0.9000,0.9840,0.9252,0.8600,1.0000,0.9020,0.8400,0.9920,0.8856,0.8200,0.9840,0.8692,0.8400,1.0000,0.8880,0.7400,0.9840,0.8132,0.7400,1.0000,0.8180,0.6800,0.9560,0.7628,0.8600,0.9840,0.8972,0.8400,0.9560,0.8748,0.8600,0.9760,0.8948,0.7427,0.7523,0.7475,0.6205,0.7254,0.7090,0.6515,0.7259,0.7917,0.8000,0.9000,0.8000,0.7643,0.7159,0.7111,0.8700,0.8300,0.7400,0.8000,0.8300,0.9000,0.8200,0.8400,0.8283,0.8400,0.8283,0.8400,0.8300,0.8600,0.8300,0.9000,0.8300,49,71,238
2181,0.9000,0.7391,0.7273,0.6667,0.5000,0.6667,0.6400,0.7391,0.5294,0.6154,0.5000,0.6957,0.7692,0.7368,0.5333,0.9333,0.5882,0.6000,0.7500,0.6316,0.3684,0.9167,0.5833,0.5625,0.4286,0.7619,0.7000,0.3077,0.5333,0.2667,0.6364,0.7895,0.8333,0.5294,0.1250,0.7895,0.6471,0.5455,0.7647,0.7500,0.7692,0.8235,0.5294,0.7647,0.5789,0.5000,0.5833,0.5000,0.5000,0.5882,0.4444,0.7222,0.6471,0.2143,0.8214,0.7391,0.3889,0.5714,0.5263,0.7059,0.6471,0.6250,0.5000,0.4375,0.5938,,0.8000,0.5625,0.5789,0.5263,0.3158,0.2500,0.5294,0.5238,0.4286,0.6500,,0.5263,0.5263,0.7368,0.7500,0.6522,0.5333,0.3846,0.4000,0.5294,0.4762,0.7222,0.4500,0.7500,0.6471,0.6250,0.5294,0.7500,0.5000,0.4444,0.3810,0.5294,0.6000,0.4118,0.4167,0.5500,0.3684,0.6818,0.3684,0.5000,0.5909,0.8667,0.8333,0.2727,0.4615,0.7273,0.7333,0.7000,0.6087,0.6316,0.7391,0.9091,0.5417,0.6364,0.5385,0.7000,0.6316,0.6842,0.8065,0.3500,0.5882,0.5789,0.6667,0.6111,0.5556,0.7000,0.9000,0.9000,0.5000,1.0000,0.8000,0.7333,0.6000,0.8000,0.9000,0.4000,0.9000,0.8000,0.6000,0.4000,0.5000,0.8000,0.9000,0.5000,0.8000,0.6667,0.6667,0.7333,0.6667,0.7500,0.5455,0.8000,0.8333,0.6667,0.6000,0.6000,0.8000,0.6000,0.6667,0.8000,0.9920,0.8576,0.6600,0.9840,0.7572,0.9000,1.0000,0.9300,0.6600,1.0000,0.7620,0.7200,1.0000,0.8040,0.7600,0.9760,0.8248,0.8400,0.9840,0.8832,0.6600,0.9640,0.7512,0.7400,0.9840,0.8132,0.7200,0.9720,0.7956,0.7400,1.0000,0.8180,0.8000,0.9760,0.8528,0.6684,0.6457,0.6570,0.4519,0.6584,0.5616,0.5398,0.6144,0.7611,0.7000,0.4500,0.8500,0.6833,0.6743,0.6889,0.7900,0.7100,0.8400,0.7300,0.6800,0.7200,0.8000,0.7400,0.7450,0.7400,0.7450,0.8100,0.7700,0.7900,0.5900,0.7000,0.7000,44,64,223
2237,0.6500,0.6957,0.6364,0.7619,0.5417,0.8000,0.6000,0.5652,0.4118,0.6154,0.5625,0.7391,0.8077,0.7895,0.8000,0.7333,0.7059,0.5333,0.5500,0.7368,0.3684,0.5000,0.5000,0.5000,0.4286,0.5714,0.3000,0.6154,0.8667,0.6000,0.2727,0.9474,0.7778,0.8824,0.6250,0.5789,0.6471,0.7273,0.6471,0.8000,0.8462,0.6471,0.7059,0.9412,0.6842,0.5714,0.6667,0.6429,0.6667,0.4118,0.6667,0.5000,0.6471,0.5000,0.7857,0.6522,0.6667,0.5000,,0.6471,0.7059,0.7500,0.5000,0.6875,0.7188,0.7059,0.7500,0.7500,,0.7895,0.7368,0.5833,0.4118,0.4762,0.7143,0.8500,0.3750,0.7895,0.6842,0.5789,0.6000,,0.6000,0.5385,0.6667,0.7059,0.6667,0.7778,0.6500,0.7500,0.7647,0.7500,0.6471,0.9375,0.8571,0.7778,0.5714,0.9412,0.6500,0.5294,0.8333,0.6500,0.6842,,0.6842,0.6818,0.8182,0.8000,0.6667,0.6364,0.5385,0.3636,0.7333,0.8000,0.7826,0.6842,0.6957,0.6364,0.8333,0.7727,0.4615,0.8000,0.4737,0.6316,0.8387,0.5500,0.6471,0.8421,0.8095,0.8333,0.7222,0.6000,0.9000,0.5000,0.7000,0.6000,0.5000,0.6000,0.7000,0.2000,0.8000,0.3000,1.0000,0.6667,0.6667,0.7000,0.6000,0.5000,0.6000,0.6000,0.8667,0.6667,0.7333,0.7333,0.4667,0.9167,0.6364,0.7000,0.8333,0.6667,0.7000,0.6000,0.9000,0.8000,0.8000,0.6600,0.9920,0.7596,0.7200,0.9400,0.7860,0.7800,0.9520,0.8316,0.6200,0.9480,0.7184,0.8400,0.9920,0.8856,0.7600,0.9760,0.8248,0.8600,0.9840,0.8972,0.7200,0.9840,0.7992,0.8600,0.9560,0.8888,0.7400,0.9680,0.8084,0.8400,0.9840,0.8832,0.7800,0.9680,0.8364,0.6452,0.5936,0.6194,0.5955,0.7154,0.6508,0.6786,0.6921,0.6167,0.6667,0.6500,0.5500,0.7119,0.6894,0.8333,0.7200,0.7400,0.8600,0.7900,0.8600,0.8400,0.8400,0.8375,0.8017,0.8375,0.8017,0.9300,0.8900,0.6800,0.8500,0.9000,0.9100,45,81,230
2253,0.5000,0.6957,0.8182,0.8095,0.7083,0.8000,0.8800,0.7826,0.4118,0.6154,0.5625,0.7826,0.8846,0.7368,0.6667,0.7333,0.7059,0.6667,0.8000,0.5789,0.5789,0.6667,0.7500,0.5000,0.7857,0.5714,0.7000,0.6154,0.7333,0.6667,0.5455,0.8947,0.7778,0.7059,0.7500,0.7368,0.6471,0.5455,0.7647,0.9000,0.8462,0.7647,0.9412,0.8235,0.5789,0.5000,0.7500,0.6429,0.7500,0.4118,0.7222,0.4444,0.5294,0.2857,0.7143,0.7826,0.5556,0.7857,0.5263,0.7059,0.7647,0.7500,0.5625,0.8125,0.7188,0.4118,0.7500,0.7500,0.5263,0.5263,0.6316,0.4167,0.4118,0.5714,0.7143,0.6500,0.6250,0.8421,0.7895,0.6842,0.7000,,0.7333,0.5385,0.6000,0.8235,0.6190,0.7222,0.6500,0.6875,0.7059,0.8125,0.5882,0.9375,0.6429,0.8333,0.6190,0.8824,0.8500,0.5294,0.7500,0.6500,0.7895,0.5909,0.7895,0.6818,0.7727,0.9333,0.8750,0.4545,0.6154,0.4545,0.7333,0.7000,,0.6316,0.6522,0.7273,0.9167,0.7727,0.6154,0.4000,0.6316,0.5263,0.6774,0.6500,0.7059,0.8947,0.5238,0.6667,0.6667,0.6000,0.8000,0.7000,0.8000,0.8000,0.7000,0.5333,0.6000,0.8000,0.4000,0.5000,0.9000,0.8667,0.6667,0.5000,0.9000,0.7000,0.5000,0.4000,0.9333,0.5333,0.5333,0.8667,0.6000,0.6667,0.6364,0.8000,0.7500,0.7500,0.9000,0.4667,0.8000,0.8000,0.6000,0.8400,0.9840,0.8832,0.8200,0.9600,0.8620,0.9200,0.9920,0.9416,0.7800,0.9920,0.8436,0.7400,1.0000,0.8180,0.8000,0.9440,0.8432,0.8800,0.9840,0.9112,0.7000,0.9480,0.7744,0.7400,0.9520,0.8036,0.7400,0.9800,0.8120,0.7000,0.9760,0.7828,0.7200,0.9520,0.7896,0.7116,0.6724,0.6920,0.6789,0.7482,0.6274,0.6872,0.6793,0.6778,0.7667,0.7000,0.6000,0.6476,0.7172,0.7333,0.8600,0.7700,0.8800,0.7200,0.8100,0.8200,0.9600,0.8175,0.8100,0.8175,0.8100,0.9300,0.8500,0.7800,0.7100,0.9200,0.9100,46,71,232
2389,0.8500,0.4348,0.7727,0.5238,0.5000,0.4667,0.6000,0.6087,0.4118,0.3846,0.4375,,0.5769,0.7895,0.5333,0.8000,0.4706,0.5333,0.6000,0.7368,0.2105,0.4167,0.5833,0.2500,0.0714,0.2857,0.2000,0.6154,0.6667,0.6667,0.5455,0.7895,0.7222,0.5882,0.5000,0.5263,0.3529,0.2727,0.5294,0.6500,0.4615,0.6471,0.3529,0.6471,0.6842,0.3571,0.4167,0.6429,0.5833,0.5294,0.3333,0.4444,0.5882,0.5000,0.6786,0.5652,0.3889,0.4286,0.4737,0.5882,0.8235,0.5000,0.3750,0.3125,0.6875,0.2353,0.5000,0.1875,0.3158,0.1579,0.3684,0.3333,0.2941,0.5238,0.5714,0.4000,0.3125,0.6316,0.5263,0.5263,0.5500,0.6522,0.5333,0.4615,0.4667,0.6471,0.5714,0.4444,0.3500,0.7500,0.4706,0.5000,0.5294,0.7500,0.2857,0.4444,0.4762,0.2941,0.4500,0.4706,0.3333,0.4500,0.3158,0.2727,0.3158,0.5909,0.2727,0.6667,0.7500,0.3636,0.3846,0.2727,0.4000,0.4000,0.4348,0.5789,0.8261,0.6364,0.6667,0.3636,0.3846,0.4000,0.3158,0.6316,0.6452,0.3000,0.4706,0.6842,0.3333,0.2222,0.5000,0.7000,0.8000,0.7000,0.6000,0.6000,0.6000,0.3333,0.4000,0.4000,0.3000,0.5000,0.9000,,0.4667,0.6000,,0.7000,0.5000,0.2000,0.5333,,0.4667,0.7333,0.4667,0.6667,0.5455,0.6000,0.6667,0.4167,0.2000,0.5333,0.5000,0.4000,0.5333,0.6400,0.9760,0.7408,0.6600,0.9840,0.7572,0.6800,1.0000,0.7760,0.6400,0.9840,0.7432,0.6000,0.9840,0.7152,0.6000,0.9840,0.7152,0.7000,0.9760,0.7828,0.5600,0.9840,0.6872,0.7000,0.9920,0.7876,0.6000,0.9760,0.7128,0.6400,0.9760,0.7408,0.5800,0.9840,0.7012,0.5473,0.4832,0.5139,0.5372,0.5513,0.4608,0.4850,0.4617,0.5694,0.4667,0.6000,0.6000,0.5111,0.4937,0.4778,0.6600,0.6100,0.7000,0.6200,0.5800,0.6400,0.5800,0.6150,0.6350,0.6150,0.6350,0.6400,0.6000,0.6100,0.6100,0.7200,0.6400,33,46,
2526,0.8000,0.5652,0.6364,0.7143,0.6667,0.7333,0.6800,0.5652,0.5882,0.5385,0.5000,0.8261,0.7692,0.6316,0.6667,0.8667,0.5882,0.6000,0.8500,0.6316,0.2632,0.8333,0.7500,0.5625,0.5714,0.7619,0.7000,0.6154,0.6667,0.4667,0.6364,0.9474,0.8889,0.8824,0.3750,0.7895,0.7059,0.6364,0.7647,0.7500,0.7692,0.7059,0.8824,0.9412,0.8947,0.5714,0.6667,0.5000,0.7500,0.5882,0.7222,0.4444,0.5882,0.2857,0.7500,0.7391,0.6667,0.5714,0.7895,0.7647,0.5882,0.6250,0.6250,0.6250,0.7813,0.5882,0.7500,0.8125,0.7895,0.6842,0.7895,0.5833,0.7059,0.5714,0.5000,0.5000,0.5625,0.6842,0.6842,0.4737,0.5000,0.6957,0.6667,0.4615,0.7333,0.7647,0.8095,0.8333,,0.8125,0.7647,0.6875,0.7647,1.0000,0.3571,0.5556,0.8095,0.8235,0.8000,0.4118,0.8333,0.6500,0.4211,0.5455,0.4211,0.6818,0.5909,0.8000,0.8750,0.6364,0.8462,0.4545,0.8667,0.9000,0.7391,0.6316,0.7391,0.8182,0.8333,0.7273,0.5385,0.7000,0.6842,0.6316,0.7097,0.4000,0.6471,0.6316,0.8571,0.7222,0.8333,0.7000,1.0000,0.5000,0.9000,0.9000,0.8000,0.8667,0.9000,0.8000,0.6000,0.6000,0.8000,0.6667,0.7333,0.6000,0.7000,1.0000,0.7000,0.6000,,0.8000,0.7333,0.8667,0.8000,0.8333,0.5455,0.6000,0.5833,0.9167,0.7000,0.8000,0.8000,0.6000,0.7333,0.7800,0.9760,0.8388,0.7400,0.9840,0.8132,0.8800,1.0000,0.9160,0.8400,1.0000,0.8880,0.8200,1.0000,0.8740,0.8000,0.9680,0.8504,0.9400,1.0000,0.9580,0.6600,0.9840,0.7572,0.7600,0.9920,0.8296,0.8800,0.9840,0.9112,0.9400,1.0000,0.9580,0.9400,0.9840,0.9532,0.6602,0.6598,0.6600,0.6122,0.7713,0.6560,0.6672,0.6844,0.7806,0.7000,0.6500,0.8500,0.7722,0.6909,0.7111,0.8000,0.8200,0.9400,0.8400,0.8600,0.8500,0.7200,0.8100,0.8517,0.8100,0.8517,0.8500,0.8600,0.7800,0.7500,0.7800,0.9300,51,76,229
2533,1.0000,0.5217,0.7727,0.5238,0.6250,0.6000,0.7200,0.8261,0.4706,0.5385,0.5625,0.6957,0.7692,0.7368,0.7333,0.6667,0.5882,0.6667,0.6500,0.6316,0.8421,0.9167,0.5833,0.5625,0.7143,0.6667,0.3000,0.5385,0.6000,0.5333,0.8182,1.0000,0.8889,0.8235,0.7500,0.7895,0.6471,0.7273,0.8824,0.8500,0.9231,0.8235,,0.9412,0.8947,0.6429,0.6667,0.6429,0.6667,0.7647,0.7778,0.7778,0.7059,0.5714,0.8214,0.8696,0.6111,0.5714,0.6316,0.8235,0.8824,0.8125,0.6875,0.7500,0.8438,0.6471,0.8500,1.0000,0.8421,0.8947,0.6842,0.5833,0.5882,0.7619,0.7857,0.7000,0.8125,0.7368,0.7368,0.7368,0.7500,0.9565,0.9333,0.5385,0.6667,0.9412,0.7619,0.8333,0.4500,1.0000,0.7647,0.9375,0.7647,0.8125,0.7857,0.6111,0.6190,0.7059,0.8500,0.5294,0.8333,0.6500,0.6842,0.6818,0.6842,0.7727,0.7727,0.6667,0.8333,0.6364,0.5385,0.9091,0.7333,0.8000,0.8696,0.7368,0.7826,0.9091,0.8750,0.7273,0.8462,0.7000,0.6842,0.7895,0.7097,0.5000,0.7059,1.0000,0.8095,0.8889,0.9444,0.6000,0.8000,0.7000,0.7000,0.7000,0.9000,0.8667,0.8000,0.8000,0.8000,0.3000,0.9000,0.8667,0.9333,0.5000,0.7000,0.8000,0.7000,0.7000,1.0000,0.6000,0.9333,0.8667,0.6667,0.8333,0.8182,0.9000,0.9167,0.6667,1.0000,,0.9000,0.9000,,0.8200,0.9840,0.8692,0.7400,0.9840,0.8132,0.8000,0.9800,0.8540,0.6400,0.9520,0.7336,0.8400,1.0000,0.8880,0.6800,0.9680,0.7664,0.8800,0.9840,0.9112,0.7400,0.9760,0.8108,0.7400,0.9480,0.8024,0.9000,0.9600,0.9180,0.8800,0.9680,0.9064,0.8800,0.9920,0.9136,0.6635,0.6891,0.6763,0.4930,0.8400,0.7477,0.7496,0.7614,0.7389,0.9000,0.6000,0.7500,0.8000,0.8603,0.9000,0.7900,0.7200,0.8800,0.8300,0.8300,0.8900,0.8800,0.8475,0.8233,0.8475,0.8233,0.8700,0.8600,0.7700,0.8900,0.9000,0.9200,64,71,232
2742,0.9000,0.6957,0.7727,0.8571,0.7500,0.9333,0.8400,0.6957,0.7647,0.9231,0.6875,0.8696,0.8846,0.8947,0.5333,0.6667,0.8824,0.7333,0.9000,0.6842,0.6842,0.8333,0.6667,0.6250,0.4286,0.6667,0.4000,0.6923,0.7333,0.6000,0.5455,0.9474,0.8889,0.9412,0.6250,0.8947,0.5294,0.9091,0.8235,0.8500,0.6923,0.8824,0.8235,0.9412,0.8947,0.5714,0.8333,0.7143,0.9167,0.7647,0.7222,0.8333,0.6471,0.5000,0.7143,0.8261,0.6111,0.7143,0.6316,0.6471,0.9412,0.5625,0.7500,0.6875,0.7188,0.4706,0.7000,0.7500,0.5789,0.6316,0.7895,0.5833,0.7647,0.4762,0.7143,0.7500,0.6250,0.7895,0.5789,0.7895,0.8000,0.6957,0.6000,0.6923,0.8000,0.9412,0.7619,0.8889,0.6500,0.7500,0.6471,0.5000,0.7059,0.8125,0.8571,0.7778,0.3810,0.7059,0.7500,0.5294,0.9167,0.7000,0.6316,0.8182,0.6316,0.7273,0.5455,0.8667,0.8333,0.5455,0.4615,0.3636,0.7333,0.7000,0.7826,0.6316,0.7826,0.6364,0.9167,0.8636,0.5385,0.5000,0.5789,0.6316,0.7097,0.5500,0.3529,0.7368,0.5714,0.7222,0.5556,0.8000,0.8000,0.9000,0.7000,0.8000,0.8000,0.7333,0.8000,0.8000,0.9000,1.0000,0.9000,0.5333,0.8667,0.7000,0.9000,1.0000,0.7000,0.7000,0.8667,0.7333,0.9333,0.8667,0.8667,0.9167,0.7273,0.7000,0.8333,0.6667,0.7000,0.7333,,0.7000,,0.9000,0.9760,0.9228,0.8600,0.9680,0.8924,0.9000,0.9760,0.9228,0.8000,0.9480,0.8444,0.9400,0.9840,0.9532,0.9000,0.9560,0.9168,0.9400,0.9920,0.9556,0.8200,0.9600,0.8620,0.8600,0.9440,0.8852,0.8400,0.9840,0.8832,0.9400,0.9840,0.9532,0.7800,0.9760,0.8388,0.8134,0.7076,0.7605,0.6064,0.8126,0.7011,0.7078,0.6540,0.8278,0.7000,0.8000,0.8500,0.8405,0.7268,0.7000,0.8900,0.8800,0.9400,0.8500,0.8700,0.8500,0.7200,0.8950,0.8800,0.8950,0.8800,0.9200,0.8700,0.9200,0.8700,0.9800,0.9500,54,83,252
2806,0.9000,0.6957,0.6364,0.7143,0.6667,0.8000,0.6000,0.5217,0.6471,0.6154,0.5625,0.4348,0.7308,0.6842,0.7333,1.0000,0.6471,0.6000,0.7500,0.8947,0.4211,0.6667,0.8333,0.5000,0.3571,0.4762,0.7000,0.4615,0.8667,0.6667,0.4545,0.7368,0.6667,0.5882,0.8750,0.8421,0.7059,0.6364,0.5882,0.8000,0.5385,0.5882,0.6471,0.8824,0.8947,0.4286,0.5833,0.5000,0.7500,0.7059,0.5556,0.7778,0.7059,0.5714,0.8214,0.8696,0.4444,0.7857,0.8421,0.5882,0.8824,0.6250,0.8125,0.6250,0.6875,0.4706,0.6500,0.5625,0.5789,0.6842,0.6316,0.5000,0.5294,0.8095,0.7143,0.7000,0.5625,0.6842,0.7368,0.6842,0.7000,0.7391,0.5333,0.5385,0.5333,0.6471,0.6667,0.7222,0.5000,0.6875,0.7059,0.8125,0.5882,0.8125,0.5714,0.6111,0.3810,0.7059,0.6000,0.5882,0.8333,0.5000,0.4211,0.5909,0.4211,0.5909,0.5909,0.6667,0.7500,0.5455,0.6923,0.1818,0.7333,0.5000,0.7391,0.6316,0.7391,0.7273,0.7500,0.6364,0.6923,0.8000,0.4737,0.7368,0.8065,0.5000,0.5294,0.5263,0.6667,0.6667,0.8333,0.9000,0.9000,0.9000,0.7000,0.6000,0.9000,0.8667,0.5000,0.8000,0.8000,0.8000,0.9000,0.6000,0.6000,0.7000,0.8000,0.5000,0.6000,0.9000,0.8000,0.6000,0.8000,0.8667,0.6667,0.7500,0.9091,0.5000,0.7500,0.6667,0.9000,0.5333,0.8000,0.8000,,0.8200,0.9680,0.8644,0.8600,0.9840,0.8972,0.8800,1.0000,0.9160,0.8400,0.9920,0.8856,0.8400,0.9840,0.8832,0.7400,1.0000,0.8180,0.9200,0.9840,0.9392,0.8000,1.0000,0.8600,0.7800,0.9560,0.8328,0.7800,0.9840,0.8412,0.8600,0.9560,0.8888,0.7400,0.9760,0.8108,0.6558,0.6587,0.6573,0.6737,0.6963,0.6592,0.6466,0.6213,0.7972,0.6000,0.7500,0.5500,0.7691,0.7099,0.8000,0.8500,0.8100,0.9200,0.7900,0.8200,0.8000,0.7000,0.8475,0.8317,0.8475,0.8317,0.8700,0.8500,0.8300,0.8400,0.8400,0.7900,48,76,245
2874,0.9000,0.6087,0.9091,0.9048,0.7917,0.8667,0.8000,0.7391,0.6471,0.6154,0.4375,0.6957,0.7692,0.7368,0.8667,0.8667,0.7647,0.7333,0.8000,0.8947,0.6842,0.8333,0.8333,0.6250,0.6429,0.8095,0.4000,0.7692,0.8667,0.8000,0.7273,0.9474,0.9444,1.0000,0.7500,0.9474,0.8824,0.9091,0.7647,1.0000,0.8462,0.7647,0.7059,0.9412,1.0000,0.4286,0.9167,0.7143,0.8333,0.5882,0.7222,0.6111,0.8235,0.7143,0.8929,0.8696,0.6667,0.7857,0.8421,1.0000,0.8235,0.8750,0.8125,0.8125,0.7813,0.7647,0.8500,0.7500,0.6842,0.7368,0.7895,0.6667,0.6471,0.6667,0.8571,0.7000,1.0000,0.6842,0.6842,0.7368,0.7500,0.8261,0.7333,0.6923,0.7333,0.8824,0.7619,0.9444,0.5500,0.6250,0.7059,0.5625,0.8235,0.8125,0.7857,0.7222,0.4762,0.8235,0.8000,0.7059,1.0000,0.8000,0.8421,0.7727,0.8421,0.7273,0.8636,0.8667,0.7917,0.6364,0.7692,0.6364,0.9333,0.7000,0.8261,0.4737,0.6957,0.7273,0.8750,0.8636,0.6154,0.8000,0.6316,0.8947,0.9032,0.7500,0.6471,0.8947,0.8571,0.8889,0.8889,0.6000,1.0000,0.9000,0.6000,0.9000,0.6000,0.9333,0.9000,0.7000,0.8000,0.6000,0.8000,0.8667,0.8000,0.9000,1.0000,0.9000,1.0000,0.6000,0.8000,0.8000,0.9333,0.9333,0.8000,1.0000,0.7273,0.8000,0.6667,0.8333,0.9000,0.8000,0.9000,0.9000,0.9333,0.9000,0.9760,0.9228,0.8400,0.9680,0.8784,0.8800,0.9760,0.9088,0.8600,0.9480,0.8864,0.9400,0.9840,0.9532,0.7600,0.9560,0.8188,0.9200,0.9920,0.9416,0.8800,0.9600,0.9040,0.8200,0.9440,0.8572,0.9400,0.9840,0.9532,0.9400,0.9840,0.9532,0.9000,0.9760,0.9228,0.7450,0.7762,0.7606,0.7090,0.8754,0.7727,0.7453,0.7805,0.7778,0.8334,0.9500,0.9500,0.8381,0.7879,0.9111,0.8700,0.8500,0.9200,0.9000,0.9300,0.9300,0.9400,0.9125,0.9000,0.9125,0.9000,0.9300,0.9500,0.8800,0.8900,0.9400,0.9800,56,72,239
2884,0.9000,0.7391,0.8182,0.8571,0.4583,0.8000,0.7600,0.8261,0.5882,0.9231,0.6250,0.8261,0.8846,0.6842,0.8000,0.9333,0.7059,0.9333,0.8000,0.7368,0.5789,0.9167,1.0000,0.8125,0.5000,0.6190,0.5000,0.6154,1.0000,0.8000,0.8182,1.0000,1.0000,1.0000,1.0000,0.8421,0.7059,1.0000,0.6471,0.8000,0.8462,0.5294,0.8235,0.8824,0.9474,0.5714,1.0000,0.7143,0.6667,0.6471,0.5556,0.8333,0.4706,0.4286,0.6429,0.7391,0.6667,0.7857,0.6316,0.6471,0.7647,0.6875,0.6250,0.5000,0.7500,0.5294,0.7500,0.8750,0.8421,0.5263,0.7368,0.6667,0.7059,0.5714,0.9286,0.6500,0.8125,0.8947,0.7368,0.6842,0.7000,0.8261,0.8000,0.5385,0.6667,0.9412,0.5714,,0.6000,0.7500,0.7059,0.9375,0.5294,0.8125,0.5714,0.6667,0.6667,0.7059,0.7500,0.6471,0.8333,0.6000,0.6842,0.8182,0.6842,0.7273,0.7727,1.0000,0.7083,0.7273,0.6923,0.6364,0.7333,0.7000,0.7826,0.5263,0.4348,0.9091,0.7917,0.9091,0.3846,0.6000,0.6316,0.7368,0.8710,0.2000,0.5882,0.7368,0.7143,0.7222,0.8333,0.8000,0.8000,1.0000,0.7000,0.9000,0.9000,0.8000,0.8000,0.8000,1.0000,0.8000,0.9000,0.8000,0.4667,0.5000,1.0000,0.8000,0.8000,0.7000,0.8000,0.7333,0.6667,0.8667,0.7333,0.9167,0.7273,0.7000,0.9167,0.9167,0.9000,0.5333,0.7000,0.4000,,0.9600,0.9920,0.9696,0.8600,0.9520,0.8876,0.9200,0.9920,0.9416,0.8400,0.9760,0.8808,0.9000,0.9680,0.9204,0.8600,0.9600,0.8900,0.9400,1.0000,0.9580,0.8000,0.9680,0.8504,0.8800,0.9920,0.9136,0.8400,0.9760,0.8808,0.8000,0.9920,0.8576,0.8800,0.9440,0.8992,0.7697,0.7708,0.7702,0.7289,0.8561,0.6764,0.7197,0.6952,0.8500,0.6334,0.7500,0.8000,0.7738,0.7823,0.5500,0.9100,0.8700,0.9400,0.8400,0.8800,0.8300,0.8800,0.8600,0.8783,0.8600,0.8783,0.9300,0.8900,0.8600,0.7600,0.9200,0.9200,48,70,243
2971,0.8000,0.6957,0.9545,0.9524,0.8750,0.8667,0.9200,0.7391,0.6471,0.6923,0.7500,0.9130,0.8462,0.8947,0.9333,0.9333,0.8824,0.6667,0.8000,0.6316,0.8421,0.5833,0.8333,0.7500,0.5714,0.7143,0.9000,0.8462,0.8000,0.7333,0.9091,0.9474,0.8889,0.9412,0.7500,0.8947,1.0000,1.0000,0.9412,0.9000,0.9231,0.8235,1.0000,0.8235,0.9474,0.8571,0.8333,0.6429,0.9167,0.8824,0.8333,0.7222,0.7647,0.7143,0.7857,0.6957,0.6667,0.9286,0.8947,0.7059,0.8824,0.8125,0.6250,0.5000,0.8438,0.8824,0.8500,0.9375,0.8421,0.6842,0.6842,0.6667,0.4706,0.6667,0.8571,0.9000,0.7500,0.8947,0.7895,0.7895,0.8000,0.6522,0.8000,0.6154,0.8000,0.8824,0.8571,0.8889,0.6500,0.8750,0.7647,0.8750,0.8824,0.9375,0.6429,0.7778,0.4762,0.7647,0.8500,0.5882,0.9167,0.5500,0.7368,0.6364,0.7368,0.6364,0.8182,0.6667,0.7917,0.7273,0.3846,0.5455,0.7333,0.7000,0.7826,0.6842,0.6522,0.7273,0.8333,0.6818,0.6154,0.5000,0.8421,0.8421,0.7419,0.4000,0.5882,0.6842,0.9524,0.8889,0.8889,0.7000,1.0000,0.9000,0.7000,0.9000,0.8000,0.9333,0.7000,1.0000,0.7000,0.6000,1.0000,0.8667,0.9333,0.6000,0.7000,0.9000,1.0000,0.8000,1.0000,0.7333,0.7333,0.8667,0.8667,0.8333,0.6364,0.7000,0.6667,0.7500,0.9000,,,0.8000,,0.9400,0.9840,0.9532,0.9200,0.9840,0.9392,0.9800,0.9920,0.9836,0.8400,0.9920,0.8856,0.8000,1.0000,0.8600,0.9800,0.9840,0.9812,0.9800,1.0000,0.9860,0.8600,0.9920,0.8996,0.9200,0.9760,0.9368,0.8400,0.9680,0.8784,0.9200,0.9920,0.9416,0.9000,1.0000,0.9300,0.8194,0.7720,0.7957,0.8199,0.9127,0.7842,0.7694,0.6990,0.8278,0.9000,0.6500,0.9500,0.8333,0.7306,0.8000,0.9500,0.8700,0.9800,0.8900,0.9100,0.9000,0.8200,0.9275,0.9167,0.9275,0.9167,0.9300,0.9400,0.9300,0.9100,0.9000,0.9600,60,89,260
3102,0.6500,0.5217,0.4091,0.3333,0.4167,0.5333,0.3600,0.6522,0.4706,0.4615,0.1875,0.4348,0.6538,0.8421,0.4000,0.4667,0.4706,0.4667,0.6500,0.5789,0.4737,,0.3333,0.6250,0.5000,0.6190,0.6000,0.4615,0.7333,0.5333,0.4545,0.6842,0.5000,0.4706,0.5000,0.7368,0.3529,0.4545,0.4706,0.7000,0.7692,0.4706,0.3529,0.5882,0.8947,0.5000,0.7500,0.4286,0.5833,0.4706,0.3889,0.2778,0.7059,0.3571,0.8214,0.4783,0.4444,0.4286,0.4211,0.4706,0.5882,0.7500,0.5625,0.5000,0.6875,0.2941,0.6500,0.3125,0.6842,0.6842,0.6316,0.5833,0.4706,0.3333,0.6429,0.6000,0.4375,0.6316,0.4737,0.5789,0.6000,0.6522,0.6000,0.3846,0.5333,0.8235,0.8571,0.7222,0.4500,0.5000,0.5882,0.8125,0.4118,0.5000,0.6429,0.5000,0.5238,0.7059,0.6500,0.3529,0.5833,0.4500,0.2105,0.1818,0.2105,0.3182,0.5909,0.5333,0.4583,0.5455,0.6923,0.8182,0.8000,0.9000,0.6957,0.6316,0.5652,0.8182,,0.5909,0.7692,,0.5789,0.3158,0.7097,0.3000,0.5882,0.3158,0.5238,0.4444,0.7222,0.5000,0.7000,0.8000,0.5000,0.7000,0.6000,0.6000,0.6000,0.4000,0.5000,0.4000,0.5000,0.8000,,0.2000,,0.5000,0.6000,0.7000,0.7333,0.5333,0.7333,0.6667,0.4667,,0.7273,0.6000,0.8333,0.6667,0.9000,0.3333,0.8000,,1.0000,0.7000,0.9760,0.7828,0.6200,0.9680,0.7244,0.6800,0.9760,0.7688,0.7000,0.9480,0.7744,0.7000,0.9840,0.7852,0.7600,0.9560,0.8188,0.5800,0.9920,0.7036,0.5200,0.9600,0.6520,0.6400,0.9440,0.7312,0.7000,0.9840,0.7852,0.7400,0.9840,0.8132,0.6400,0.9760,0.7408,0.4680,0.5355,0.5004,0.5820,0.5600,0.5335,0.5715,0.5457,0.5667,0.8000,0.2000,0.5500,0.6389,0.6768,0.9000,0.6700,0.7200,0.5800,0.6500,0.6900,0.7300,0.5600,0.7125,0.6733,0.7125,0.6733,0.7600,0.7300,0.6500,0.7100,0.7600,0.6300,54,54,
3105,0.9000,0.5217,0.6364,0.5238,0.6250,0.6667,0.7200,0.6522,0.6471,0.5385,0.4375,0.4348,0.6154,0.6316,0.6000,0.9333,0.4706,0.7333,0.8000,0.6316,0.3684,0.5833,0.5833,0.3750,0.5714,0.3810,0.5000,0.2308,0.4000,0.3333,0.0909,0.8421,0.8889,0.2941,0.8750,0.6842,0.5294,0.3636,0.4706,0.8500,0.6154,0.6471,0.5294,0.6471,0.7895,0.8571,0.5833,0.4286,0.8333,0.5294,0.5556,0.6667,0.5294,0.5714,0.6071,0.6522,0.5000,0.5000,0.5789,0.8235,0.7059,0.5625,0.5625,0.6250,0.7813,0.4706,0.2500,0.5625,0.6842,0.4737,0.5789,0.2500,0.5882,0.5714,0.6429,0.7000,0.5000,0.4737,0.6316,0.2105,0.2500,0.6957,0.6000,0.5385,0.5333,0.5882,0.6190,0.6667,0.3500,0.8125,0.6471,,0.5882,0.7500,0.5000,0.3889,0.3333,0.4706,0.7000,0.5294,,0.4500,0.3684,,0.3684,0.7273,0.8182,0.7333,0.7500,0.4545,0.6154,0.5455,0.6000,0.8000,0.5652,0.6842,0.6087,0.6364,0.7500,0.6364,,0.7000,0.6842,0.5263,0.5161,0.4500,0.5882,0.6842,0.3333,0.5000,0.6111,0.9000,0.9000,0.8000,0.7000,1.0000,0.7000,0.6000,0.8000,0.7000,0.6000,0.8000,1.0000,0.8000,0.4000,0.4000,0.8000,0.5000,0.6000,,0.7333,0.6667,,0.6000,0.2667,0.3333,0.6364,0.6000,0.5000,0.6667,0.7000,0.4667,0.8000,0.5000,,0.8400,0.9840,0.8832,0.8200,0.9840,0.8692,0.8200,0.9800,0.8680,0.7600,0.9520,0.8176,0.8200,1.0000,0.8740,0.7000,0.9680,0.7804,0.6600,0.9840,0.7572,0.7400,0.9760,0.8108,0.6600,0.9480,0.7464,0.8000,0.9600,0.8480,0.7800,0.9680,0.8364,0.7000,0.9920,0.7876,0.6092,0.5894,0.5993,0.3660,0.6078,0.5951,0.5403,0.5966,0.7917,0.6000,0.6000,0.5500,0.5200,0.5950,0.6500,0.8300,0.7600,0.6600,0.7400,0.7000,0.8100,0.6000,0.7700,0.7500,0.7700,0.7500,0.8000,0.8100,0.7600,0.7100,0.7400,0.8500,43,61,214
3111,0.8000,0.4783,0.5455,0.6667,0.6250,0.6667,0.6000,0.4348,0.4118,0.6923,0.5000,0.5652,0.6538,0.7368,0.5333,0.9333,0.3529,0.6667,0.4000,0.6842,0.4211,0.6667,0.6667,0.5000,0.2857,0.4286,0.3000,0.4615,0.5333,0.4667,0.6364,0.5263,,0.5294,0.3750,0.6316,0.4118,0.6364,0.5294,0.4000,0.4615,0.5294,0.6471,0.5294,0.4737,0.4286,0.3333,,0.4167,0.5882,0.3333,0.4444,0.6471,0.2143,,0.7391,0.5000,0.3571,0.5789,0.5882,0.4118,0.5625,0.5000,0.4375,0.5313,0.3529,0.4000,0.5000,0.3158,0.4211,0.4737,0.5714,0.5714,0.5714,0.5714,0.3500,0.5625,0.6842,0.5263,0.5789,0.6000,0.6957,0.3333,0.4615,0.6667,0.5882,0.6190,0.5000,0.5000,0.5000,0.5294,0.7500,0.4706,0.4375,0.5000,,0.4762,0.5294,0.0500,0.4118,0.7500,0.5500,0.3158,,0.3158,0.4545,0.6818,0.6667,0.6250,0.4545,0.4615,0.3636,0.7333,0.7000,0.6957,0.5263,0.6957,0.7273,0.7083,,0.6154,0.7000,0.4737,0.5789,0.5806,0.3500,0.4706,0.6842,0.7143,0.6667,0.5000,0.7000,0.8000,0.4000,0.5000,0.6000,0.6000,0.4000,0.8000,0.6000,0.6000,0.4000,0.9000,0.8000,,0.4000,0.6000,0.4000,0.3000,0.8000,0.8000,0.5333,,0.8667,0.6000,0.7500,,0.6000,0.5833,0.5000,1.0000,0.4667,0.5000,0.8000,,0.8000,0.9840,0.8552,0.5800,0.9600,0.6940,0.8000,0.9920,0.8576,0.8200,0.9920,0.8716,0.8400,1.0000,0.8880,0.5800,0.9440,0.6892,0.5800,0.9840,0.7012,0.5000,0.9480,0.6344,0.8000,0.9520,0.8456,0.6200,0.9800,0.7280,0.5800,0.9760,0.6988,0.6200,0.9520,0.7196,0.5877,0.5597,0.5737,0.4404,0.5227,0.4615,0.5295,0.5718,0.6083,0.8000,0.5000,0.3500,0.7250,0.6300,0.6500,0.7300,0.7500,0.5800,0.6200,0.6700,0.6200,0.6400,0.7400,0.6617,0.7400,0.6617,0.7900,0.7500,0.7200,0.7000,0.7200,0.7300,43,63,213
3131,0.8000,0.7826,0.9545,0.8571,0.7500,0.9333,0.6400,0.7391,0.6471,0.6923,0.6250,0.6957,0.9231,0.6842,0.8000,0.8000,0.7647,0.7333,0.9000,0.7368,0.6316,0.7500,0.6667,0.5000,0.6429,0.7619,0.6000,0.6154,0.7333,0.6000,1.0000,0.9474,0.7778,0.8824,0.5000,0.7368,0.7059,0.6364,0.8235,0.7000,0.7692,0.7647,0.8235,0.8235,0.8947,0.7857,0.8333,0.5000,0.7500,0.4706,0.6111,0.8889,0.5294,0.2143,0.7500,0.6957,0.7778,0.7857,0.6316,0.7059,0.8235,0.5625,0.7500,0.6250,0.7813,0.6471,0.6500,0.5000,0.6316,0.5789,0.4737,0.6667,0.5882,0.5714,0.6429,0.8000,0.7500,0.8421,0.7895,0.7368,0.7500,0.7826,0.6667,0.4615,0.5333,0.8824,0.5714,0.6667,0.5500,0.8125,0.6471,0.5625,0.5882,0.9375,0.4286,0.4444,0.3810,0.7059,0.7000,0.5882,0.7500,0.5500,0.5263,0.4545,0.5263,0.5000,0.8636,0.9333,0.8333,0.5455,0.7692,0.4545,0.7333,0.8000,0.6087,0.7895,0.6957,0.7273,0.7083,0.7273,0.6154,0.8000,0.6316,0.7895,0.7742,0.6000,0.7059,0.5789,0.7143,0.5556,0.7222,0.4000,0.8000,0.6000,0.8000,0.7000,0.7000,0.5333,0.6000,0.9000,0.6000,0.8000,0.7000,0.8667,0.6667,0.4000,0.9000,,0.6000,0.8000,0.8000,0.5333,0.7333,0.6667,0.5333,0.5833,0.5455,0.8000,0.8333,0.6667,0.9000,0.7333,0.8000,0.7000,,0.9400,0.9760,0.9508,0.8000,0.9920,0.8576,0.9400,0.9840,0.9532,0.7200,0.9840,0.7992,0.9600,1.0000,0.9720,0.8600,0.9920,0.8996,0.9600,1.0000,0.9720,0.7200,0.9600,0.7920,0.6800,0.9680,0.7664,0.8600,0.9520,0.8876,0.8800,0.9840,0.9112,0.8800,0.9840,0.9112,0.7723,0.7209,0.7466,0.6372,0.7857,0.6521,0.6599,0.6745,0.6778,0.7667,0.6500,0.6000,0.6643,0.7465,0.7500,0.8900,0.8500,0.9600,0.8000,0.8200,0.8300,0.8400,0.8400,0.8583,0.8400,0.8583,0.8900,0.8800,0.8200,0.7700,0.8800,0.9200,48,68,230
3167,0.7500,0.6087,0.6818,0.5714,0.5417,0.6667,0.7200,0.7391,0.7059,0.7692,0.5000,0.6957,0.6923,0.5789,0.6667,0.8000,0.7647,0.6000,0.4500,0.5789,0.2632,0.5833,0.4167,0.5000,0.5000,0.6667,0.6000,0.6923,0.6667,0.5333,0.5455,0.7895,0.7778,0.5294,0.6250,0.8421,0.4706,0.5455,0.5882,0.7500,0.5385,0.5294,0.4118,0.7059,0.8947,0.7857,0.5833,0.5714,0.8333,0.5882,0.6111,0.6111,0.3529,0.5000,0.8214,0.7391,0.3889,0.5714,0.3684,0.7059,0.7647,0.6875,0.5000,0.7500,0.7813,0.4706,0.4500,0.8750,0.6316,0.6842,0.7368,0.5000,0.3529,0.4286,0.5714,0.7000,0.6250,0.6842,0.4737,0.5263,0.5500,0.8261,0.5333,0.4615,0.4000,0.8235,0.5714,0.6111,0.5500,0.6875,0.5294,0.6250,0.5882,1.0000,0.5714,0.6111,0.2857,0.6471,0.8000,0.5882,0.6667,0.6500,0.3684,0.6364,0.3684,0.5909,0.6818,0.6667,0.7083,0.8182,0.7692,0.4545,0.8667,0.7000,0.7391,0.7368,0.6957,0.8182,0.8333,0.7273,0.7692,,0.6842,0.4737,0.6774,0.4000,0.5882,0.7895,0.7619,0.6111,0.5000,0.8000,0.6000,0.8000,0.5000,0.9000,0.8000,0.4667,0.8000,0.6000,0.7000,0.5000,0.9000,0.4000,0.4000,0.5000,0.6000,0.6000,0.7000,0.5000,0.6667,0.5333,0.4667,0.9333,0.4667,0.6667,0.5455,0.6000,0.5833,0.9167,0.7000,,0.7000,0.7000,,0.7800,0.9840,0.8412,0.6800,0.9600,0.7640,0.8600,0.9920,0.8996,0.7600,0.9920,0.8296,0.8000,1.0000,0.8600,0.6400,0.9440,0.7312,0.9000,0.9840,0.9252,0.7200,0.9480,0.7884,0.6400,0.9520,0.7336,0.7200,0.9800,0.7980,0.7600,0.9760,0.8248,0.7000,0.9520,0.7756,0.6648,0.5669,0.6158,0.6231,0.6363,0.6294,0.5930,0.6581,0.6972,0.4000,0.5500,0.6500,0.6048,0.6691,0.7000,0.7700,0.7300,0.9000,0.7100,0.7000,0.7800,0.6800,0.7450,0.7650,0.7450,0.7650,0.8500,0.7600,0.7300,0.6400,0.7000,0.8000,42,64,211
3175,0.8000,0.6957,0.6364,0.7143,0.7083,0.7333,0.5200,0.6087,0.1765,0.5385,0.6875,0.6087,0.8077,0.7368,0.8667,0.8667,0.4118,0.8000,0.6000,0.6842,0.6842,0.5833,0.8333,0.5625,0.6429,0.8095,0.3000,0.8462,0.6667,0.6667,0.7273,0.9474,0.8333,0.7647,0.6250,0.8421,0.6471,0.9091,0.7059,0.8500,0.7692,0.7647,0.9412,1.0000,0.9474,0.6429,0.6667,0.7143,0.9167,0.7647,0.7222,0.8333,0.8824,0.7143,0.9286,0.8696,0.5556,0.5714,0.7895,0.8235,0.7059,0.8750,0.6250,0.8125,0.8438,0.7647,0.7500,0.8750,0.7368,0.7368,0.7895,0.6667,0.6471,0.7143,0.6429,0.7500,0.2500,0.8947,0.6842,0.8421,0.8500,0.8261,0.7333,0.6154,0.7333,0.7647,0.8095,0.8333,0.7000,0.7500,0.7647,0.8750,0.7647,0.8750,0.6429,0.8333,0.8095,0.8824,0.8500,0.6471,1.0000,0.7000,0.5263,0.7273,0.5263,0.5455,0.6818,0.8000,0.7917,0.5455,0.6923,0.5455,0.8667,0.7000,0.8696,0.6316,0.7391,0.8182,0.7917,0.7727,0.6154,0.7000,0.8947,0.8947,0.7419,0.7000,0.7647,0.8947,0.9524,0.7778,0.7222,0.3000,0.9000,0.7000,0.7000,1.0000,0.6000,0.7333,0.9000,0.7000,0.9000,0.6000,0.8000,0.8000,0.7333,0.4000,0.9000,0.4000,0.8000,0.9000,0.9333,0.6667,0.8000,0.7333,0.7333,0.9167,0.8182,0.8000,0.9167,0.5000,0.7000,0.7333,0.8000,0.8000,0.7333,0.8400,0.9920,0.8856,0.9000,1.0000,0.9300,0.9400,1.0000,0.9580,0.8200,1.0000,0.8740,0.8400,0.9920,0.8856,0.9000,0.9920,0.9276,0.9400,0.9920,0.9556,0.6800,0.9680,0.7664,0.8200,0.9760,0.8668,0.8800,0.9760,0.9088,0.9400,0.9760,0.9508,0.8800,0.9760,0.9088,0.6335,0.6986,0.6661,0.6199,0.8183,0.7658,0.7551,0.7310,0.7361,0.7667,0.6500,0.6000,0.8119,0.7447,0.7778,0.8900,0.8500,0.9400,0.8400,0.8800,0.8900,0.8600,0.8600,0.8817,0.8600,0.8817,0.8700,0.8900,0.8100,0.8700,0.7600,0.9900,57,85,249
3329,0.8500,0.6957,0.7727,0.9048,0.9167,0.7333,0.6800,0.7826,0.8235,0.6923,0.7500,0.9130,0.8077,0.8421,0.9333,0.6667,0.8235,0.7333,0.6000,0.8421,0.6842,1.0000,0.6667,0.5000,0.3571,0.6667,0.8000,0.8462,0.8000,0.7333,0.9091,0.9474,0.7778,0.8235,0.3750,0.9474,0.8235,1.0000,0.7647,0.9500,0.9231,0.8235,0.6471,1.0000,1.0000,0.5714,0.8333,0.9286,1.0000,0.8235,0.7778,0.8333,0.8824,0.4286,0.6786,0.8261,0.8889,0.7857,0.6316,0.8824,0.8824,0.5000,0.7500,0.6875,0.8750,0.7059,0.7000,0.8125,0.7368,0.7895,0.5789,0.5833,0.8235,0.6667,0.8571,0.8000,0.7500,0.7368,0.7368,0.9474,0.9500,0.7391,0.6667,0.7692,0.8000,0.8235,0.7619,0.9444,0.5500,0.8125,0.7647,0.6875,0.6471,0.8125,0.7857,0.8333,0.8095,0.6471,0.9500,0.6471,0.6667,0.6500,0.5263,0.8182,0.5263,0.7727,0.8182,0.8000,0.7500,0.7273,0.6154,0.5455,0.8667,0.9000,0.8261,0.7895,0.7826,0.7273,0.8333,0.9091,0.6154,0.8000,0.6316,0.7368,0.8710,0.6500,0.7647,0.9474,0.8095,0.7222,0.6667,0.9000,0.7000,0.9000,0.6000,1.0000,0.8000,0.6000,0.8000,0.8000,0.8000,0.6000,1.0000,0.7333,0.6000,0.7000,1.0000,1.0000,0.8000,0.8000,0.8667,0.7333,0.8000,0.7333,0.8000,0.7500,0.8182,0.6000,1.0000,0.9167,0.8000,0.8000,0.7000,0.8000,0.6667,0.9400,0.9760,0.9508,0.8800,0.9840,0.9112,0.9800,1.0000,0.9860,0.9400,1.0000,0.9580,0.8800,1.0000,0.9160,0.8400,0.9680,0.8784,0.9600,1.0000,0.9720,0.8200,0.9840,0.8692,0.8600,0.9920,0.8996,0.7800,0.9840,0.8412,0.9600,1.0000,0.9720,0.8800,0.9840,0.9112,0.7940,0.7166,0.7553,0.7949,0.8475,0.7612,0.7657,0.7467,0.7917,0.6667,0.8500,0.9000,0.7833,0.8225,0.7222,0.9300,0.8900,0.9600,0.8600,0.9000,0.8700,0.9400,0.9200,0.9017,0.9200,0.9017,0.9600,0.9300,0.9200,0.8700,0.8600,0.9700,63,90,259
3717,0.7500,0.4348,0.7727,0.8571,0.5000,0.8000,0.6800,0.5217,0.5882,0.6154,0.4375,0.6522,0.7308,0.6842,0.8667,0.6667,0.5294,0.6667,0.5500,0.6316,0.3158,0.9167,0.8333,0.3750,0.3571,0.4286,0.7000,0.5385,0.6000,0.8000,0.3636,0.9474,0.9444,0.4118,0.7500,0.7368,0.4118,0.7273,0.5294,0.8500,0.6154,0.8235,0.3529,0.9412,0.7368,0.4286,0.9167,0.4286,0.8333,0.6471,0.7778,0.7778,0.7647,0.5714,0.8214,0.8696,0.3333,0.6429,0.7368,0.8235,0.5882,0.7500,0.7500,0.6250,0.7500,,0.6000,0.6875,0.6316,0.5789,0.7895,0.5000,0.6471,0.5714,0.4286,0.6000,0.6250,0.6316,0.7368,0.6316,0.6500,0.6087,0.6000,0.6154,0.8000,0.7059,0.7143,0.8333,0.7000,0.7500,0.5294,0.7500,0.7059,0.7500,0.5000,0.7222,0.2857,0.6471,0.8000,0.7059,0.8333,0.4000,0.4737,0.5000,0.4737,0.4545,0.8636,0.8667,0.7500,0.6364,0.6154,0.6364,0.8667,0.8000,0.7391,0.5789,0.7391,0.8182,0.7083,0.8636,0.6154,0.7000,0.7895,0.7895,0.7419,0.6000,0.7647,0.7368,0.6190,0.6111,0.8333,0.8000,0.9000,0.8000,0.3000,0.6000,0.7000,0.5333,0.4000,0.6000,0.5000,0.3000,0.9000,0.6000,0.3333,0.7000,0.9000,0.8000,0.6000,0.3000,0.8667,0.7333,0.7333,0.7333,0.6667,0.8333,0.6364,0.8000,0.7500,0.8333,0.9000,,0.7000,0.7000,0.7333,0.7200,0.9920,0.8016,0.6600,0.9840,0.7572,0.8000,0.9840,0.8552,0.9000,0.9840,0.9252,0.7600,1.0000,0.8320,0.5800,0.9440,0.6892,0.9200,0.9840,0.9392,0.7600,0.8760,0.7948,0.8200,0.9320,0.8536,0.8600,0.9920,0.8996,0.8600,0.9760,0.8948,0.8200,0.9400,0.8560,0.6416,0.6017,0.6216,0.6596,0.6762,0.6850,0.6526,0.6862,0.6111,0.4667,0.8000,0.7000,0.6952,0.7839,0.7111,0.7300,0.7500,0.9200,0.8200,0.8400,0.8400,0.6800,0.8375,0.8167,0.8375,0.8167,0.8300,0.8600,0.7800,0.8800,0.8800,0.8600,47,75,238
3902,0.8500,0.5652,0.7727,0.6667,0.5000,0.7333,0.6800,0.6522,0.6471,0.3846,0.6250,0.3478,0.7308,0.8421,0.5333,0.7333,0.7647,0.4000,0.4500,0.7368,,0.5833,0.5000,0.4375,0.2143,0.4286,0.6000,0.4615,0.7333,0.4667,0.8182,0.7895,0.9444,0.8824,0.2500,0.7895,0.5294,0.6364,0.5294,0.8500,0.8462,0.6471,0.6471,0.8235,0.6316,0.5714,0.8333,0.5000,0.9167,0.5294,0.6667,0.5556,0.7647,0.5000,0.8214,0.6522,0.6667,0.5714,0.5263,0.7647,0.7647,0.4375,0.6250,0.6250,0.5313,,0.5500,0.6875,0.5789,0.6316,0.5789,0.3333,0.5882,0.6190,0.6429,0.5000,0.4375,0.5789,0.5789,0.7368,0.7500,0.5217,0.8000,0.4615,0.5333,0.8235,0.8571,0.6667,0.4500,0.7500,0.5882,0.7500,0.5882,0.6250,,0.4444,0.4762,0.5294,0.6500,0.5882,0.5833,0.6000,0.4211,0.5909,0.4211,0.3636,0.5909,0.8000,0.8750,0.5455,0.5385,,0.7333,0.8000,0.5217,0.6842,0.6957,0.9091,0.8333,0.7273,0.5385,0.7000,0.5789,0.8421,0.6452,0.6500,0.5294,0.7368,0.4762,0.6111,0.6667,0.8000,0.9000,0.9000,0.6000,0.5000,0.6000,0.6667,0.8000,0.7000,0.6000,0.5000,0.9000,0.8000,0.6667,0.6000,0.9000,0.7000,0.4000,,0.8667,0.3333,0.6667,0.6667,0.4000,0.7500,0.4545,0.6000,0.8333,,0.9000,0.4667,0.6000,0.5000,,0.8400,0.9920,0.8856,0.7200,0.9520,0.7896,0.8400,0.9920,0.8856,0.6400,0.9760,0.7408,0.7400,0.9680,0.8084,0.5800,0.9600,0.6940,0.8400,1.0000,0.8880,0.6600,0.9680,0.7524,0.7600,0.9920,0.8296,0.7600,0.9760,0.8248,0.7000,0.9920,0.7876,0.6800,0.9440,0.7592,0.6273,0.5520,0.5912,0.5654,0.7076,0.6340,0.6018,0.6423,0.7056,0.7334,0.7500,0.5500,0.6139,0.6509,0.5500,0.8000,0.6500,0.8400,0.7100,0.7300,0.7900,0.6400,0.7700,0.7533,0.7700,0.7533,0.8500,0.7500,0.7500,0.7300,0.7400,0.7700,47,61,209
3906,0.9500,0.5652,0.8636,0.7143,0.7083,0.7333,0.8800,0.8261,0.7059,0.6923,0.5625,0.7826,0.7308,0.7895,0.7333,0.8667,0.7059,0.9333,0.6000,0.5263,0.6316,0.6667,0.9167,0.5000,0.5714,0.5714,0.4000,0.5385,0.4667,0.2667,0.5455,0.6842,0.7778,0.6471,0.5000,0.5789,0.3529,0.5455,0.5882,0.8000,0.5385,,0.4118,0.8824,0.6842,0.5000,0.6667,0.5714,0.7500,0.7059,0.7222,0.7222,0.5882,0.5000,0.6429,0.7391,0.5000,0.4286,0.5789,0.5882,0.6471,0.5000,0.4375,0.5625,,0.4706,0.7000,0.5000,0.7895,0.6316,0.6842,0.2500,0.8235,0.5238,0.4286,0.6000,0.4375,0.6842,0.7368,0.6842,0.7000,0.7391,0.6000,0.5385,0.8000,0.8235,0.7143,0.6111,0.5000,0.6250,0.5882,0.5625,0.7647,0.9375,0.4286,0.5556,0.4286,0.5882,0.7500,0.5882,0.7500,0.6500,0.4737,,0.4737,0.5909,0.6818,0.7333,0.6667,0.5455,0.3846,0.3636,0.6000,0.6000,0.6522,0.6316,0.7826,0.6364,0.7500,0.7273,,0.8000,0.6316,0.4737,0.6129,0.4500,0.6471,0.6842,0.6667,0.6111,0.6667,1.0000,0.8000,0.9000,0.8000,0.9000,0.7000,0.6667,0.8000,0.8000,0.9000,0.5000,0.9000,0.8000,0.6667,,0.6000,0.9000,0.6000,,0.9333,0.4667,0.7333,0.8000,0.7333,0.6667,0.5455,0.6000,0.9167,,0.8000,,0.7000,0.5000,0.5333,0.9000,0.9760,0.9228,0.8000,0.9840,0.8552,0.9200,1.0000,0.9440,0.8800,1.0000,0.9160,0.7800,1.0000,0.8460,0.7600,0.9680,0.8224,0.8600,1.0000,0.9020,0.7600,0.9840,0.8272,0.8400,0.9920,0.8856,0.7200,0.9840,0.7992,0.7800,1.0000,0.8460,0.8400,0.9840,0.8832,0.7473,0.6933,0.7203,0.4180,0.6098,0.6051,0.6254,0.6139,0.8056,0.7334,0.6000,0.7500,0.7222,0.7156,0.5778,0.8700,0.8100,0.8600,0.7900,0.8100,0.7500,0.6000,0.8600,0.8150,0.8600,0.8150,0.8900,0.8700,0.8700,0.8100,0.7600,0.8100,53,79,240
3910,0.7000,0.6087,0.7273,0.6667,0.5417,0.7333,0.6000,0.7391,0.5294,0.7692,0.5625,0.5652,0.6538,0.7368,0.6667,0.8000,0.6471,0.8000,0.5000,0.5263,0.5263,0.5833,0.8333,0.5000,0.6429,0.5238,0.4000,0.3846,0.7333,0.4000,0.2727,0.7895,0.7778,0.8235,0.7500,0.7895,0.2941,0.3636,0.5882,0.7500,0.6154,0.7647,0.6471,0.8235,0.8947,0.7143,0.5000,0.5000,0.7500,0.3529,0.4444,0.6667,0.6471,0.4286,0.7143,0.7826,0.4444,0.5000,0.7895,0.7647,0.7647,0.8125,0.6875,0.5625,0.6875,0.6471,0.5500,0.6875,0.5789,0.5789,0.5789,0.4167,0.5294,0.4286,0.7143,0.3500,0.4375,0.5263,0.5789,0.4211,0.4500,0.5652,0.3333,0.4615,0.6667,0.6471,0.5238,0.7222,0.4000,0.7500,0.5294,0.7500,0.5882,0.7500,0.7143,0.5556,0.7143,0.8235,0.6500,0.5294,0.5833,0.5000,0.4737,0.3636,0.4737,0.5455,0.8182,0.8000,0.6667,0.6364,0.6154,0.3636,0.8000,0.7000,0.7826,0.6316,0.6087,0.8182,0.8333,0.8636,0.6154,0.6000,0.5789,0.6842,0.5484,0.4500,0.4706,0.6842,0.6667,0.6667,0.7778,0.6000,0.7000,0.9000,0.5000,0.7000,0.8000,0.7333,0.8000,0.6000,0.6000,0.6000,0.7000,0.7333,0.6667,0.4000,0.7000,0.4000,0.6000,0.7000,,0.5333,0.6667,0.8000,0.6667,0.7500,0.7273,0.6000,0.7500,0.6667,0.8000,0.6000,0.7000,0.5000,0.6000,0.7800,0.9840,0.8412,0.7800,0.9720,0.8376,0.8200,0.9760,0.8668,0.7400,0.9760,0.8108,0.8600,0.9680,0.8924,0.6400,0.9600,0.7360,0.9200,,0.9200,0.6400,0.8520,0.7036,0.8400,0.9680,0.8784,0.7800,0.9560,0.8328,0.7800,0.9840,0.8412,0.8000,1.0000,0.8600,0.6459,0.6374,0.6417,0.4795,0.6630,0.6206,0.5704,0.6346,0.6861,0.7000,0.5500,0.5000,0.6861,0.6907,0.6000,0.7900,0.7500,0.9200,0.7700,0.7600,0.8300,0.7400,0.7650,0.8033,0.7650,0.8033,0.8500,0.7900,0.7300,0.6900,0.8400,0.8700,42,71,214
4078,0.7500,0.9565,0.7273,0.6190,0.7083,0.8000,0.7200,0.6087,0.5882,0.4615,0.5625,0.5652,0.6538,0.9474,0.6667,0.7333,0.7059,0.5333,0.7000,0.5263,0.4737,0.4167,0.8333,0.4375,0.5000,0.4286,0.3000,0.3077,0.5333,0.3333,0.8182,0.8947,0.7778,0.6471,0.8750,0.5263,0.7647,0.5455,0.4118,0.7500,0.6923,0.6471,0.5882,0.5294,0.6316,0.4286,0.3333,0.5000,0.5833,0.5882,0.5556,0.6667,0.7059,0.5000,0.6071,0.6087,0.4444,0.4286,0.6842,0.7059,0.7647,0.6875,0.4375,0.6250,0.6563,0.4706,0.4500,0.4375,0.6316,0.5789,,0.4167,0.6471,0.4762,0.7143,0.5500,0.5000,0.6842,0.7895,0.7368,0.7500,0.6957,0.4667,0.3077,0.6667,0.7059,0.7143,0.7222,0.6000,0.5000,0.5294,0.4375,0.4118,0.8750,0.3571,0.5000,0.2857,0.6471,0.7500,0.3529,0.7500,0.4000,0.2105,0.3636,0.2105,0.4091,0.4545,0.7333,0.7500,0.4545,0.6154,0.5455,0.6000,0.6000,0.6522,0.5263,0.7391,0.8182,0.6667,0.5909,0.6154,0.5000,0.6842,0.5789,0.7419,0.4000,0.7059,0.4211,0.7143,0.6667,0.6111,0.7000,0.9000,0.9000,0.6000,0.8000,0.7000,0.7333,0.8000,0.8000,0.9000,0.4000,0.8000,0.6667,0.6667,0.5000,0.5000,0.7000,0.7000,0.7000,0.6667,0.5333,0.6000,0.7333,0.4667,0.6667,0.5455,0.6000,0.7500,0.5833,0.9000,0.6000,0.7000,0.6000,0.7333,0.8800,0.9920,0.9136,0.7800,0.9840,0.8412,0.7000,0.9840,0.7852,0.8000,0.9840,0.8552,0.8800,1.0000,0.9160,0.6600,0.9440,0.7452,0.7200,0.9840,0.7992,0.6200,0.8760,0.6968,0.5800,0.9320,0.6856,0.7400,0.9920,0.8156,0.6600,0.9760,0.7548,0.6800,,0.6800,0.6708,0.6079,0.6394,0.3686,0.6733,0.5632,0.5847,0.5660,0.7528,0.6667,0.5000,0.7000,0.6238,0.6631,0.6778,0.7900,0.7800,0.7200,0.6600,0.6900,0.6900,0.6600,0.8300,0.7217,0.8300,0.7217,0.8000,0.8000,0.8500,0.8700,0.6400,0.7900,52,71,223
4268,0.7500,0.8696,0.9545,0.6667,0.9167,0.8000,0.8800,0.5652,0.5882,0.7692,0.6875,0.7826,0.7692,0.8947,0.7333,0.6667,0.7647,0.8667,0.6500,0.7368,0.3684,0.5833,1.0000,0.8125,0.6429,0.6667,0.7000,0.8462,0.6667,0.7333,0.7273,0.7895,0.8889,0.7059,0.8750,0.7368,0.5294,0.4545,0.6471,1.0000,0.9231,0.7059,0.7059,0.8235,0.7895,0.6429,0.9167,0.5000,0.8333,0.6471,0.6667,0.7222,0.5882,0.3571,0.6429,0.9130,0.5000,0.4286,0.6842,0.8235,0.4706,0.6875,0.8125,0.6875,0.5625,0.7059,0.8000,0.7500,0.6842,0.4737,0.4737,0.4167,0.8824,0.7619,0.5714,0.7000,0.7500,0.8421,0.8947,0.7368,0.7500,0.7826,0.5333,0.3846,0.6667,0.7647,0.6190,0.7222,0.6500,0.8750,0.5882,0.7500,0.8235,0.7500,0.8571,0.5556,0.3810,0.8824,0.8500,0.4118,0.7500,0.6000,0.6842,0.7727,0.6842,0.5909,0.8182,0.8667,0.7917,0.2727,0.6154,0.8182,0.8000,0.8000,0.6522,0.3684,0.6522,0.8182,0.8333,0.7273,0.8462,0.8000,0.7368,0.8421,0.7419,,0.7647,,0.7619,0.8333,,1.0000,1.0000,0.7000,0.7000,0.9000,0.7000,0.9333,0.7000,0.7000,0.7000,0.6000,1.0000,0.8667,0.8000,0.8000,0.9000,0.8000,0.7000,0.7000,0.8667,0.8667,0.8000,0.8000,0.8000,0.9167,0.4545,0.9000,0.8333,0.7500,1.0000,0.4667,0.7000,0.6000,0.6667,0.9400,0.9760,0.9508,0.8200,0.9840,0.8692,0.8800,1.0000,0.9160,0.8800,0.9840,0.9112,0.9200,0.9840,0.9392,0.8800,0.9840,0.9112,0.8400,0.9760,0.8808,0.8200,0.9840,0.8692,0.8600,0.9920,0.8996,0.8600,0.9760,0.8948,0.9000,0.9760,0.9228,0.8800,0.9840,0.9112,0.7692,0.7221,0.7456,0.7366,0.7535,0.6529,0.6968,0.7220,0.8028,0.8334,0.8500,0.7500,0.8214,0.7341,0.6556,0.8800,0.8900,0.8400,0.8600,0.8500,0.8000,0.8000,0.9225,0.8533,0.9225,0.8533,0.9500,0.9300,0.8900,0.9200,0.8400,0.8600,54,90,259
4334,0.6500,0.5217,0.6818,0.6667,0.6667,0.6000,0.6000,0.4348,0.5882,0.3846,0.4375,0.3043,0.6154,0.6842,0.8000,0.8667,0.4706,0.7333,0.6000,0.4211,0.2632,,0.7500,0.3125,0.3571,0.2857,0.6000,,0.6000,0.2000,0.4545,0.8421,0.4444,0.6471,0.6250,0.8947,0.7059,0.4545,0.6471,0.5500,0.7692,0.6471,0.3529,0.5294,0.4737,0.3571,0.4167,0.5000,0.6667,0.4706,0.3333,0.3333,0.6471,0.5714,0.5357,0.7826,0.5556,0.5000,0.1579,0.3529,0.4118,0.3125,0.5625,,0.7188,0.4118,0.5000,0.4375,0.5789,0.1579,0.2632,0.3333,0.4706,0.2857,0.5000,0.2500,0.3125,0.5789,0.5263,0.2632,0.3000,0.5652,0.4667,0.5385,0.7333,0.7647,0.8095,0.6667,0.4500,0.4375,0.7059,0.4375,0.3529,0.6875,0.4286,0.5556,0.3810,0.5882,0.7500,0.4118,0.5833,0.6500,0.4737,,0.4737,0.4545,0.7727,0.6000,0.6250,0.4545,0.5385,0.4545,0.6667,0.6000,0.6087,0.4737,0.5652,0.7273,0.7500,0.6818,0.5385,0.6000,0.3684,0.6316,0.6452,0.4000,0.4118,0.4737,0.4286,0.6111,0.5556,0.7000,0.8000,0.9000,0.8000,0.8000,0.7000,0.6667,0.5000,0.8000,0.9000,0.7000,1.0000,0.9333,0.6667,0.6000,0.7000,0.7000,0.3000,0.6000,,0.6667,0.6667,0.7333,0.6667,0.4167,0.4545,0.5000,0.8333,,0.5000,,,0.6000,0.6667,0.7200,0.9920,0.8016,0.6800,0.9840,0.7712,0.8000,1.0000,0.8600,0.6800,1.0000,0.7760,0.7000,1.0000,0.7900,0.6000,0.9760,0.7128,0.6000,0.9840,0.7152,0.5600,0.9640,0.6812,0.7000,0.9840,0.7852,0.6200,0.9720,0.7256,0.8200,1.0000,0.8740,0.6400,0.9760,0.7408,0.5501,0.5454,0.5478,0.4667,0.6025,0.4614,0.5045,0.5598,0.7722,0.8000,0.6500,0.5000,0.6250,0.5720,0.6334,0.7300,0.6600,0.6000,0.6700,0.7400,0.7400,0.5600,0.7000,0.6900,0.7000,0.6900,0.7500,0.7500,0.7100,0.5900,0.6600,0.5400,41,55,219
4380,0.6500,0.5652,0.6364,0.5238,0.5417,0.6667,0.6000,0.7391,0.2941,0.3846,0.4375,0.3913,0.7308,0.6842,0.6667,0.6000,0.7059,0.7333,0.6000,0.4737,0.3158,0.9167,0.7500,0.4375,0.5000,0.3810,0.4000,0.6923,0.7333,0.5333,0.3636,0.8947,0.7222,0.5294,0.2500,0.6316,0.7059,0.4545,0.5294,0.7500,0.6923,0.5882,0.7647,0.7647,0.7368,0.4286,0.6667,0.5000,0.6667,0.7059,0.5000,0.6667,0.7059,0.4286,0.6429,0.7391,0.3333,0.5000,0.5263,0.7647,0.7647,0.7500,0.5000,0.7500,0.7188,0.5882,0.7000,0.6875,0.7368,0.7368,0.5789,0.5000,0.5882,0.5238,0.6429,0.5000,0.6875,0.6316,0.7368,0.7368,0.7500,0.8261,0.7333,0.4615,0.4000,0.6471,0.7143,0.5000,0.2500,0.7500,0.7647,0.6250,0.8824,0.9375,0.5714,0.7222,0.2857,0.9412,0.7000,0.5294,0.8333,0.6000,0.7368,0.5455,0.7368,0.4091,0.6818,0.6000,0.5000,0.5455,0.6154,0.3636,0.8000,0.8000,0.5652,0.6316,0.8696,0.7273,0.8333,0.6818,0.8462,0.4000,0.5263,0.7895,0.6129,0.4500,0.6471,0.7895,0.9048,0.8333,0.7222,0.5000,0.9000,0.8000,0.5000,1.0000,0.9000,0.4000,0.8000,0.5000,0.7000,0.4000,0.9000,0.8667,0.6667,0.5000,0.8000,0.5000,0.6000,0.6000,0.7333,0.3333,0.8000,0.8000,0.7333,0.9167,0.3636,0.6000,0.9167,0.7500,0.7000,0.6000,0.6000,0.5000,0.7333,0.7200,0.9840,0.7992,0.7200,0.9840,0.7992,0.7600,0.9920,0.8296,0.7000,0.9920,0.7876,0.6400,1.0000,0.7480,0.7000,0.9840,0.7852,0.8600,1.0000,0.9020,0.5800,0.9920,0.7036,0.8200,0.9760,0.8668,0.8400,0.9680,0.8784,0.7800,0.9920,0.8436,0.7800,1.0000,0.8460,0.5509,0.5973,0.5741,0.5897,0.6252,0.6264,0.6458,0.6588,0.6917,0.7667,0.6500,0.5500,0.7024,0.6551,0.6111,0.7300,0.6800,0.8600,0.7600,0.7800,0.8100,0.8200,0.8075,0.7700,0.8075,0.7700,0.9000,0.8700,0.7200,0.7400,0.7600,0.8000,43,74,226
4422,0.8000,0.7391,0.6364,0.7619,0.6250,0.6667,0.5600,0.4783,0.3529,0.5385,0.5625,0.8261,0.6923,,0.7333,0.8667,0.6471,0.8667,0.7000,0.4737,0.5789,0.6667,0.5833,0.6250,0.5714,0.5238,0.4000,0.7692,0.9333,0.5333,0.6364,0.8947,0.8889,0.7059,0.8750,0.7368,0.6471,0.4545,0.6471,0.8000,0.5385,0.7647,0.7647,0.7059,0.8421,0.7143,0.8333,0.6429,0.6667,0.6471,0.7222,0.6111,0.5882,0.4286,0.8214,,0.4444,0.4286,0.3684,0.7647,0.7647,0.6875,0.7500,0.6875,0.6563,0.4118,0.6000,0.6875,0.6316,0.6316,0.7368,0.4167,0.6471,0.4286,0.7143,0.5000,0.6250,0.6316,0.7895,0.6842,0.7000,0.6522,0.6000,0.6154,0.5333,0.5882,0.5238,0.7222,0.6000,0.5625,0.6471,0.8125,0.7059,0.6250,0.5000,0.3889,0.4762,0.6471,0.7000,0.5294,0.7500,0.6000,0.4211,0.3636,0.4211,0.6818,0.6364,0.5333,0.5833,0.7273,0.6154,0.4545,0.8000,0.6000,0.7826,0.6316,0.7391,0.7273,0.7917,0.6818,0.7692,0.6000,0.6316,0.6842,0.8387,0.7000,0.7059,0.6842,0.7619,0.5556,0.7778,0.7000,0.8000,0.7000,0.9000,0.5000,0.6000,0.4667,0.9000,0.6000,0.5000,0.4000,0.9000,0.7333,0.6667,0.6000,1.0000,0.8000,0.6000,0.7000,0.8667,0.8667,0.7333,0.6000,0.8000,0.7500,0.6364,0.5000,0.6667,0.5000,1.0000,0.5333,0.8000,0.8000,0.6667,0.8200,0.9680,0.8644,0.6400,0.9680,0.7384,0.9400,0.9920,0.9556,0.6600,0.9680,0.7524,0.7400,0.9920,0.8156,0.7400,0.9920,0.8156,0.7800,1.0000,0.8460,0.6800,0.9680,0.7664,0.7600,0.9240,0.8092,0.8200,0.9400,0.8560,0.7400,0.9920,0.8156,0.8400,0.9600,0.8760,0.6338,0.6531,0.6431,0.6590,0.7268,0.6371,0.6106,0.6500,0.6639,0.7000,0.8000,0.7000,0.7595,0.6394,0.7556,0.8000,0.7100,0.7800,0.7700,0.8400,0.7500,0.7200,0.8050,0.7750,0.8050,0.7750,0.8100,0.8300,0.7900,0.7900,0.8600,0.8700,52,64,232
4505,0.8000,0.8696,0.9091,0.9048,0.9583,1.0000,,0.7391,0.7647,0.7692,0.8125,0.8696,0.8077,0.7895,0.9333,0.7333,0.6471,0.7333,0.8500,0.7895,0.8947,1.0000,0.9167,0.7500,0.7143,0.8095,0.9000,0.8462,0.4667,0.8000,0.9091,1.0000,0.8889,1.0000,0.7500,0.8947,0.8235,0.7273,0.8824,0.9500,0.9231,0.8824,0.6471,0.8235,0.9474,0.7857,0.7500,1.0000,0.7500,0.8235,0.8889,0.8333,0.4706,0.5714,0.7500,0.6087,0.7222,0.7143,0.7895,0.6471,0.9412,0.8125,0.5000,0.6875,0.7188,0.7647,0.8000,0.9375,0.7895,0.5789,0.5789,0.6667,0.6471,0.6667,0.8571,0.8500,0.6875,0.7368,0.7895,0.7895,0.8000,0.9130,0.6667,0.7692,0.7333,0.8824,0.7619,0.9444,0.7500,0.8125,0.8824,0.8750,0.8235,0.9375,0.8571,0.7222,0.4762,0.8235,0.8000,0.4706,1.0000,0.7500,0.6842,0.8636,0.6842,0.7273,0.8636,0.8667,0.8750,0.9091,0.6923,0.4545,0.9333,0.9000,0.8696,0.7368,0.7391,0.7273,0.8333,0.9091,0.7692,0.7000,0.7368,0.7895,0.9355,0.8000,0.7059,0.7895,0.8571,0.8889,0.8889,0.7000,0.8000,0.8000,0.9000,1.0000,0.9000,0.8000,0.8000,1.0000,0.9000,0.8000,0.9000,0.9333,0.4667,0.7000,0.9000,1.0000,0.8000,0.8000,0.9333,0.8667,0.9333,0.8667,0.9333,0.9167,0.4545,0.8000,0.8333,0.7500,1.0000,0.7333,0.8000,0.6000,0.7333,0.8600,0.9760,0.8948,0.8800,0.9840,0.9112,0.9800,1.0000,0.9860,0.8800,1.0000,0.9160,0.9600,1.0000,0.9720,0.9000,0.9680,0.9204,0.9600,1.0000,0.9720,0.8000,0.9840,0.8552,0.8200,0.9920,0.8716,0.9200,0.9840,0.9392,0.9600,1.0000,0.9720,0.9000,0.9840,0.9252,0.8504,0.8124,0.8306,0.7532,0.8700,0.7390,0.7797,0.7960,0.8583,0.7000,0.8000,0.9000,0.8929,0.7619,0.7111,0.9100,0.9100,0.9600,0.8800,0.9400,0.9100,0.8200,0.9050,0.9183,0.9050,0.9183,0.9000,0.9400,0.9500,0.8300,0.9400,0.9500,60,78,258
4570,0.6500,0.3043,0.8182,0.6667,0.7083,0.5333,0.6400,0.6087,0.3529,0.5385,0.6250,0.5652,0.6154,0.3158,0.6000,0.8000,0.6471,,,0.5263,0.6316,0.6667,0.6667,0.3750,0.0714,0.3810,,0.1538,0.6000,0.3333,0.3636,0.7895,0.8333,0.5882,0.5000,0.6316,,0.3636,0.2353,0.6500,0.4615,0.4118,0.6471,0.6471,0.7895,0.3571,0.6667,0.5000,0.6667,,0.7778,0.5556,0.5882,,0.7857,0.7391,0.3333,0.1429,0.4737,,0.7647,0.6875,0.4375,0.5625,0.6563,0.1765,0.5000,0.6250,0.5789,0.3158,0.5789,0.1667,0.5294,0.2381,0.5000,0.4500,0.4375,0.7368,0.6842,0.6316,0.6500,0.5652,0.2667,,0.5333,0.4706,0.5238,0.2778,0.4500,0.5625,0.4118,0.5000,0.2941,0.6250,0.4286,0.5556,0.3810,,0.6500,0.4706,0.6667,0.2500,0.1579,,0.1579,0.4091,0.5000,0.6667,0.7500,0.4545,0.5385,0.4545,0.4000,0.7000,0.4783,0.6316,0.6957,0.6364,0.8750,0.6818,0.6154,0.6000,,0.5263,0.7419,0.3500,0.4706,0.3684,0.5238,0.4444,0.8889,0.7000,0.8000,0.5000,0.8000,0.8000,0.7000,0.6667,0.8000,0.8000,0.9000,0.6000,0.8000,0.6667,0.6667,0.5000,0.5000,0.5000,0.7000,,0.8000,0.6667,0.4667,0.7333,0.6667,0.8333,0.5455,0.8000,0.6667,0.8333,0.9000,,0.5000,0.6000,,0.7400,0.9680,0.8084,0.8000,0.9840,0.8552,0.8800,1.0000,0.9160,0.7000,0.9920,0.7876,0.8400,0.9840,0.8832,0.7000,1.0000,0.7900,0.5800,0.9840,0.7012,0.7000,1.0000,0.7900,0.7200,0.9560,0.7908,0.7600,0.9840,0.8272,0.6800,0.9560,0.7628,0.7000,0.9760,0.7828,0.5867,0.5165,0.5545,0.3624,0.5652,0.5422,0.4878,0.5346,0.7389,0.6667,0.5000,0.6000,0.6945,0.7491,0.5500,0.8100,0.7500,0.5800,0.7100,0.6800,0.7400,0.5600,0.7100,0.7117,0.7100,0.7117,0.8200,0.6900,0.7400,0.5900,0.7000,0.6800,42,61,209
4674,0.9500,0.8261,0.8636,0.8571,0.7917,0.9333,0.6800,0.8261,0.7647,0.8462,0.7500,0.8696,0.8077,0.8947,0.8000,0.8667,0.7647,0.9333,0.8000,0.7368,0.7368,0.7500,0.9167,0.6875,0.7143,0.7619,0.7000,0.4615,0.8667,0.6667,0.9091,0.9474,0.9444,0.9412,0.7500,1.0000,0.7647,1.0000,0.9412,0.9500,0.7692,0.8824,0.9412,0.9412,1.0000,0.6429,0.7500,0.5714,1.0000,0.7059,0.7222,0.7778,0.7059,0.5714,0.8571,0.6957,0.6111,0.6429,0.8421,0.7647,0.9412,0.7500,0.7500,0.7500,0.8438,0.7059,0.7000,0.8125,0.7895,0.8947,0.6842,0.5833,0.6471,0.6667,0.7857,0.7500,0.6875,0.6842,0.6842,0.8421,0.8500,0.6087,0.8000,0.7692,0.8000,0.7647,0.6667,0.7778,0.5500,0.8750,0.6471,0.8125,0.6471,1.0000,0.8571,0.6111,0.7143,0.5294,0.7500,0.5294,0.9167,0.7500,0.7368,0.8182,0.7368,0.6364,0.8636,0.8000,0.8333,0.5455,0.5385,0.6364,0.8000,0.6000,0.6957,0.6316,0.7826,0.8182,0.8333,0.8182,0.6154,0.6000,0.6842,0.8947,0.7742,0.5500,0.7059,0.8947,0.7619,0.6111,0.6111,0.7000,0.8000,0.8000,0.8000,1.0000,0.8000,0.8000,0.9000,0.7000,0.8000,0.8000,0.9000,0.8667,0.6667,0.7000,0.9000,0.9000,0.8000,0.7000,1.0000,0.8667,0.9333,0.6667,0.7333,0.6667,0.5455,0.6000,0.9167,0.7500,1.0000,0.4667,,0.8000,,0.9200,0.9920,0.9416,0.8600,0.9840,0.8972,0.9800,1.0000,0.9860,0.8800,1.0000,0.9160,0.9600,1.0000,0.9720,0.8200,0.9760,0.8668,0.9800,0.9840,0.9812,0.7600,0.9640,0.8212,0.8400,0.9840,0.8832,0.9400,0.9720,0.9496,0.8800,1.0000,0.9160,0.8200,0.9760,0.8668,0.8282,0.7972,0.8127,0.6737,0.9121,0.7493,0.7269,0.7193,0.8167,0.7667,0.8000,0.8500,0.7952,0.7132,0.8000,0.9200,0.8900,0.9800,0.8500,0.9000,0.8400,0.9600,0.8825,0.8967,0.8825,0.8967,0.9100,0.9100,0.8600,0.8500,0.9400,0.9500,52,80,240
4688,0.9000,0.8261,0.9091,0.6667,0.7500,0.7333,0.8000,0.6957,0.8235,0.7692,0.5000,0.6957,0.6154,0.6316,0.6667,0.8667,0.6471,0.7333,0.7500,0.7368,0.4211,0.8333,0.6667,0.5625,0.2857,0.3333,0.7000,0.5385,0.9333,0.3333,0.5455,0.9474,0.7222,0.8235,0.6250,0.6842,0.5294,0.5455,0.5882,0.8000,0.6154,0.8235,,0.5882,0.8421,0.3571,0.7500,0.7143,0.7500,0.5294,0.3889,0.6667,0.6471,0.4286,0.7143,0.5652,,0.4286,0.7368,0.7647,0.8235,0.5000,0.5625,0.8125,0.6250,0.5294,0.4000,,0.5789,0.3684,0.4737,0.3333,0.5882,0.5714,0.7143,0.6500,0.5000,0.8421,0.6842,0.5789,0.6000,0.6957,0.8667,0.5385,0.6667,0.6471,0.5714,0.7222,0.6000,0.6250,0.4118,,0.4118,0.6875,0.5714,0.6111,0.5714,0.7647,0.7500,0.5294,0.5833,,,0.4091,,0.6818,0.7273,0.7333,0.8333,0.5455,0.6923,0.5455,0.7333,0.7000,0.6522,0.5263,0.6087,0.8182,0.8750,0.7273,0.6154,0.4000,0.5789,0.6842,0.6774,0.5500,0.6471,0.0526,0.5714,0.6667,0.7778,0.7000,1.0000,0.7000,0.8000,0.6000,0.9000,0.8000,0.5000,0.8000,0.8000,0.6000,0.5000,0.8000,0.8000,0.6000,0.9000,0.7000,0.6000,1.0000,1.0000,0.6667,0.7333,0.7333,0.6667,0.7500,0.6364,0.8000,0.6667,0.9167,0.9000,0.5333,0.9000,0.7000,0.7333,0.8400,0.9760,0.8808,0.8200,0.9840,0.8692,0.8800,1.0000,0.9160,0.7000,0.9840,0.7852,0.8400,0.9840,0.8832,0.7800,0.9840,0.8412,0.9200,0.9760,0.9368,0.7200,0.9840,0.7992,0.8200,0.9920,0.8716,0.7400,0.9760,0.8108,0.7400,0.9760,0.8108,0.8000,0.9840,0.8552,0.7450,0.6258,0.6854,0.6263,0.6914,0.5882,0.6168,0.6308,0.7250,0.8000,0.7500,0.6500,0.7929,0.7422,0.7778,0.8500,0.7700,0.9200,0.7600,0.7700,0.7700,0.5800,0.8000,0.8067,0.8000,0.8067,0.8000,0.8300,0.7800,0.7900,0.7400,0.8300,46,71,219
4786,0.8500,0.6087,0.5455,0.3810,0.5833,0.4667,0.8800,0.6522,0.2941,0.5385,0.7500,0.6957,0.7308,0.5789,0.6667,0.8000,0.5294,0.6000,0.5000,0.5263,0.1053,0.5833,0.3333,0.4375,0.2857,0.3810,0.2000,0.3077,0.6000,0.2000,0.5455,0.8947,0.8333,0.5882,0.6250,0.5789,0.4118,0.5455,0.5294,0.6500,0.4615,0.6471,0.5882,0.5294,0.6842,0.3571,0.6667,0.2143,0.5000,0.4706,0.5000,0.5000,0.6471,0.2143,,0.6522,0.3889,0.3571,0.4737,0.4118,0.8824,0.3750,0.3750,0.4375,0.7188,0.2941,0.5500,0.7500,0.5263,0.2105,0.5263,0.5833,0.5294,0.4286,0.6429,0.3000,,0.6316,0.4737,0.5789,0.6000,0.5652,0.5333,0.4615,0.5333,0.6471,0.5714,0.5000,0.5000,0.6875,0.4118,0.5625,0.2941,0.8750,0.7143,0.5556,0.2857,0.7059,0.6000,0.5882,0.4167,0.5500,0.5263,0.5909,0.5263,0.4091,0.4545,0.5333,0.6667,0.5455,0.5385,0.5455,0.4667,0.7000,0.3478,0.3684,0.5652,0.5455,0.7500,0.5455,0.4615,0.4000,0.4737,0.4211,0.8065,0.3000,0.4706,0.6842,0.6190,0.4444,0.5000,0.7000,0.7000,0.8000,0.7000,0.7000,0.7000,0.6000,0.6000,0.8000,0.8000,0.0000,0.8000,0.6000,,0.3000,0.6000,0.8000,0.7000,0.6000,0.8667,0.6667,0.6000,0.7333,0.4000,0.7500,0.6364,0.7000,0.8333,0.5833,0.8000,,,0.7000,,0.7000,0.9760,0.7828,0.7000,0.9920,0.7876,0.8800,0.9840,0.9112,0.6000,0.9840,0.7152,0.6400,1.0000,0.7480,0.5600,0.9920,0.6896,0.7400,1.0000,0.8180,0.6000,0.9600,0.7080,0.7000,0.9680,0.7804,0.6600,0.9520,0.7476,0.7000,0.9840,0.7852,0.6400,0.9840,0.7432,0.6136,0.4867,0.5502,0.3269,0.6075,0.4800,0.5441,0.5252,0.6583,0.6000,0.4500,0.7500,0.6595,0.7106,0.7000,0.7600,0.6000,0.7400,0.6600,0.6400,0.6000,0.6200,0.7100,0.6667,0.7100,0.6667,0.7300,0.7700,0.6600,0.6800,0.8400,0.7400,47,57,202
4845,0.7500,0.3913,0.8182,0.7619,0.6667,0.8667,0.5600,0.5217,0.7059,0.5385,0.4375,0.6087,0.6538,0.7368,0.4667,0.6000,0.5882,0.6000,0.7500,0.5263,0.3158,0.7500,0.5833,0.5625,0.6429,0.6190,0.4000,0.6154,0.8000,0.5333,0.2727,0.7895,0.6667,0.7059,0.6250,0.7368,0.5294,0.6364,0.8235,0.9500,0.8462,0.5882,0.5882,0.7059,0.7895,0.5714,0.7500,0.7143,0.8333,0.6471,0.9444,0.6667,0.5882,0.5714,0.6429,0.6522,0.5556,0.6429,0.6316,0.6471,0.8235,0.7500,0.6875,0.6250,0.6875,0.5882,0.7500,0.5625,0.5789,0.5789,0.7368,0.5000,0.7059,0.5714,0.7143,0.5500,0.7500,0.7368,0.7368,0.7368,0.7500,0.7826,0.7333,0.4615,0.6667,0.7647,0.7143,0.7222,0.6500,0.6875,0.5882,0.6875,0.7059,0.8125,0.6429,0.5556,0.4286,0.6471,,0.6471,0.6667,0.6000,0.3684,0.5909,0.3684,0.6818,0.7273,0.7333,0.8750,0.6364,0.6923,0.4545,0.9333,0.8000,0.6957,0.7895,0.8261,0.7273,0.9167,0.7273,0.6923,0.7000,0.6316,0.5789,0.7742,0.5500,0.7647,0.7368,0.8571,0.5000,0.6111,0.7000,0.8000,0.8000,0.8000,0.7000,0.9000,0.8000,0.7000,0.9000,1.0000,0.7000,0.9000,0.6667,0.6667,0.4000,0.8000,0.7000,0.5000,0.4000,0.9333,,0.8000,0.9333,0.5333,0.9167,0.6364,0.7000,1.0000,0.7500,0.9000,0.6000,0.9000,0.6000,0.8667,0.7800,0.9920,0.8436,0.8200,0.9400,0.8560,0.7800,0.9520,0.8316,0.6600,0.9480,0.7464,0.6800,0.9920,0.7736,0.7400,0.9760,0.8108,0.6200,0.9840,0.7292,0.7200,0.9840,0.7992,0.7800,0.9560,0.8328,0.7800,0.9680,0.8364,0.6400,0.9840,0.7432,0.6600,0.9680,0.7524,0.6370,0.5955,0.6162,0.5872,0.6836,0.6703,0.6661,0.6847,0.8083,0.6667,0.6000,0.6000,0.7528,0.7644,0.7889,0.7900,0.6900,0.6200,0.7200,0.7700,0.8400,0.8400,0.7875,0.7383,0.7875,0.7383,0.8300,0.7700,0.7600,0.7900,0.9000,0.8200,49,61,218
4871,0.9000,0.6957,0.8182,0.7143,0.7083,0.6667,0.7600,0.6957,0.3529,0.4615,0.6875,0.7826,0.8462,0.7368,0.6000,0.8000,0.5882,0.7333,0.6500,0.8421,0.5789,0.8333,0.5833,,0.5000,0.7143,0.5000,0.8462,0.8000,0.7333,0.5455,0.8421,0.7778,0.6471,0.5000,0.7368,0.6471,0.7273,0.6471,0.9500,,0.7647,0.7059,0.8235,0.8947,0.7143,0.9167,0.8571,0.8333,0.4706,0.6667,0.6111,0.5882,0.5000,0.6786,0.6957,0.5000,0.7143,0.7895,,0.8235,0.8125,0.5000,0.5000,0.6875,0.4706,0.8000,0.8750,0.7895,0.6316,0.6842,0.5000,0.5294,0.4286,0.7857,0.6500,0.5625,0.8421,0.7895,0.5263,0.5500,0.7826,0.6000,0.6154,0.8000,0.6471,0.8571,0.7222,0.4500,0.6875,0.7059,0.8125,0.5882,0.8750,0.5000,0.6667,0.6190,0.7059,0.8500,0.5294,0.8333,0.7500,0.6316,,0.6316,0.5455,0.7273,0.7333,0.7500,0.4545,0.6154,0.4545,0.8000,0.8000,0.7826,0.4211,0.7391,0.6364,0.7917,0.8182,0.6923,0.4000,0.7368,0.7368,0.8710,0.4500,0.5882,0.6842,0.9048,0.4444,0.5556,0.9000,0.8000,0.8000,0.6000,0.9000,0.8000,0.6000,0.7000,0.7000,0.2000,0.4000,1.0000,0.7333,0.5333,0.3000,0.8000,0.9000,0.6000,0.8000,0.8667,,0.8667,0.6000,0.6000,0.8333,0.4545,0.7000,0.8333,,0.9000,,,1.0000,,0.8400,0.9840,0.8832,0.7600,0.9840,0.8272,0.8600,0.9800,0.8960,0.6600,0.9520,0.7476,0.8400,1.0000,0.8880,0.8000,0.9680,0.8504,0.9600,0.9840,0.9672,0.7200,0.9760,0.7968,0.8400,0.9480,0.8724,0.7200,0.9600,0.7920,0.7800,0.9680,0.8364,0.8600,0.9920,0.8996,0.6992,0.6800,0.6900,0.7199,0.7293,0.6844,0.6671,0.6602,0.7000,0.6333,0.5500,0.7500,0.7611,0.7220,1.0000,0.8200,0.7700,0.9600,0.7800,0.7800,0.8000,0.8800,0.8475,0.8183,0.8475,0.8183,0.9100,0.8500,0.8200,0.8100,0.8800,0.8300,55,75,234
5020,0.6500,0.5652,0.5909,0.6190,0.5833,0.6667,0.6400,0.5652,0.2941,0.4615,0.5625,0.5217,0.6538,0.5789,0.6667,0.7333,0.6471,0.6667,0.7000,0.5263,0.1579,0.9167,0.6667,0.3750,0.3571,0.3333,0.7000,0.4615,0.4667,0.3333,0.5455,0.8947,0.8333,0.7059,0.6250,0.5263,0.6471,0.5455,0.5294,0.6500,0.4615,0.7059,0.6471,0.7059,0.6316,0.5000,0.6667,0.4286,0.7500,0.3529,0.3333,0.3889,0.4118,0.4286,0.4286,0.7391,0.5556,0.2857,0.4737,0.4706,0.5882,0.1250,0.6875,0.5625,0.6250,,0.5500,0.5000,0.4211,0.4211,0.5263,0.5000,0.5882,0.4762,0.7143,0.3000,0.6875,0.4737,0.4211,0.6842,0.7000,,0.5333,0.5385,0.6000,0.7059,0.7619,0.5556,0.4500,0.5000,0.7059,0.8125,0.4118,0.6875,0.5714,0.4444,0.4762,0.7647,0.5000,0.4706,0.5000,0.7000,0.3158,0.6818,0.3158,0.7727,0.4545,0.7333,0.8750,0.3636,0.6923,0.3636,0.7333,0.7000,0.3043,0.4737,0.6087,0.6364,0.7500,,0.3077,0.7000,0.5789,0.4737,0.7097,0.3000,0.4706,0.5263,0.4762,0.3889,0.7778,0.6000,0.7000,0.8000,0.3000,0.7000,0.6000,0.6000,0.6000,0.8000,0.6000,0.7000,0.6000,0.5333,0.7333,0.5000,0.9000,0.9000,0.6000,0.6000,0.6667,,0.6667,0.8667,0.4000,0.5833,0.7273,0.5000,0.5000,0.5833,0.8000,0.6000,0.8000,0.7000,0.7333,0.6600,0.9640,0.7512,0.8200,0.9600,0.8620,0.7400,0.9920,0.8156,0.5800,0.9520,0.6916,0.6600,0.9400,0.7440,0.6800,0.9680,0.7664,0.6000,0.9760,0.7128,0.6000,0.9120,0.6936,0.6200,0.9520,0.7196,0.7000,0.9200,0.7660,0.6400,0.9920,0.7456,0.6600,0.9520,0.7476,0.5672,0.5635,0.5654,0.4904,0.6436,0.4888,0.5702,0.5581,0.6333,0.6333,0.7000,0.7500,0.6306,0.6184,0.7444,0.7400,0.6400,0.6000,0.6400,0.7200,0.6800,0.7400,0.7075,0.6700,0.7075,0.6700,0.7700,0.7900,0.6700,0.6000,0.4600,0.6700,42,59,212
5072,0.9500,0.8261,0.9091,0.8095,0.8750,0.8667,0.6800,0.5217,0.4118,0.4615,0.3750,0.7826,0.6538,0.7895,0.6000,0.9333,0.8235,0.8667,0.6000,0.5789,0.5789,0.7500,0.5000,0.6875,0.5714,0.5238,0.3000,0.5385,0.6000,0.4667,0.6364,0.8421,0.6667,0.7647,0.7500,0.6842,0.7647,0.9091,0.7647,0.8500,0.8462,0.7647,0.4118,0.8235,0.6842,0.5714,0.8333,0.6429,0.9167,0.7647,0.6111,0.7778,0.5294,0.5000,0.8571,0.5217,0.5556,0.3571,0.6842,0.6471,0.4706,0.6250,0.7500,0.6875,0.6875,0.5882,0.6000,0.6250,0.4211,0.3158,0.4737,0.5833,0.8235,0.6190,0.8571,0.5500,0.3750,0.7895,0.8947,0.8421,0.8500,0.6957,0.6000,0.8462,0.6000,0.9412,0.8571,0.6667,0.7500,0.7500,0.5882,0.6875,0.5882,0.9375,0.3571,0.7778,0.5238,0.8235,0.8500,0.5294,0.7500,0.5000,0.4211,0.4091,0.4211,0.7273,0.8636,0.8667,0.7917,,,0.4545,0.6667,0.9000,0.6522,0.7895,0.8261,0.7273,0.6250,0.8182,0.5385,0.8000,0.6842,0.3684,0.8387,0.5000,0.7059,0.5263,0.6667,0.6667,0.7222,0.7000,1.0000,0.9000,0.7000,0.8000,0.7000,0.7333,0.7000,0.7000,0.5000,0.8000,0.8000,0.8000,0.4667,0.3000,0.7000,0.5000,0.3000,0.6000,0.8667,0.4667,0.6000,0.8000,0.7333,0.7500,0.8182,0.8000,0.7500,0.5000,0.8000,0.6000,0.7000,0.3000,0.6667,0.8200,0.9760,0.8668,0.7600,0.9840,0.8272,0.7800,1.0000,0.8460,0.8200,0.9840,0.8692,0.7600,0.9840,0.8272,0.7600,0.9840,0.8272,0.5600,0.9760,0.6848,0.7600,0.9840,0.8272,0.7600,0.9920,0.8296,0.6600,0.9760,0.7548,0.7000,0.9760,0.7828,0.7000,0.9840,0.7852,0.7018,0.6772,0.6895,0.4763,0.7442,0.6159,0.7101,0.6599,0.7528,0.6334,0.5000,0.4000,0.6881,0.7114,0.5556,0.7900,0.7800,0.5600,0.7200,0.7700,0.8500,0.5800,0.8150,0.7450,0.8150,0.7450,0.8200,0.8500,0.8200,0.7700,0.6400,0.6900,45,68,221
5104,0.9000,0.7391,0.8636,0.8095,0.6250,0.7333,0.8000,0.7391,0.7059,0.6923,0.8125,0.7826,0.7308,0.7895,0.9333,0.8667,0.7647,0.8000,0.9000,0.9474,0.5789,0.8333,1.0000,0.6875,0.5714,0.7143,0.6000,0.8462,0.8667,0.8667,0.7273,0.7368,0.9444,0.7059,0.7500,0.3158,0.7059,0.8182,0.7059,0.9500,0.5385,0.7059,0.7059,0.8824,0.8947,0.8571,0.8333,0.7143,0.7500,0.6471,0.8333,0.8333,0.7059,0.3571,0.8571,0.7826,0.5556,0.6429,0.6842,0.6471,0.7647,0.8750,0.6875,0.6875,0.6875,0.5882,0.6000,0.7500,0.8421,0.5789,0.7368,0.8333,0.7647,0.5238,0.6429,0.7000,0.6250,0.5789,0.6842,0.7895,0.8000,0.8696,0.7333,0.3077,0.7333,0.8235,0.6190,0.8889,0.6000,0.6250,0.5882,0.6250,0.6471,0.9375,0.7143,0.8333,0.6190,0.8235,0.8000,0.5882,1.0000,0.8000,0.7368,0.8182,0.7368,0.8182,0.6364,0.8000,0.7500,0.6364,0.6154,0.7273,0.8000,0.7000,0.6957,0.7368,0.7391,0.8182,0.9167,0.8182,0.6923,0.6000,0.7368,0.7895,0.7742,0.8000,0.5294,0.8947,0.8095,0.3889,0.6111,0.8000,1.0000,0.8000,0.7000,0.8000,0.9000,0.7333,0.8000,0.8000,0.9000,0.7000,0.9000,0.8667,0.7333,0.7000,0.8000,0.8000,0.7000,0.8000,0.8667,0.8000,0.9333,0.6000,0.9333,0.9167,0.7273,0.6000,0.9167,0.7500,0.7000,0.6000,0.9000,0.8000,,0.8800,0.9920,0.9136,0.8000,1.0000,0.8600,0.9400,1.0000,0.9580,0.8600,1.0000,0.9020,0.8400,0.9920,0.8856,0.9200,0.9920,0.9416,0.9200,0.9920,0.9416,0.8200,0.9680,0.8644,0.7600,0.9760,0.8248,0.7600,0.9760,0.8248,0.8600,0.9760,0.8948,0.8200,0.9760,0.8668,0.7641,0.7990,0.7816,0.7949,0.7392,0.7115,0.7106,0.7309,0.8194,0.8000,0.7500,0.7500,0.8357,0.7157,0.8500,0.8700,0.8700,0.9200,0.8000,0.8600,0.9000,0.8800,0.8675,0.8700,0.8675,0.8700,0.9000,0.8700,0.8500,0.8500,0.8200,0.8800,56,83,242
5239,0.8500,0.6087,0.7727,0.7619,0.5833,0.7333,0.5600,0.6957,0.4118,0.7692,0.6250,0.6957,0.6538,0.6842,0.6667,0.7333,0.5294,0.6000,0.6500,0.5789,0.4737,0.8333,0.7500,0.6250,0.2143,0.4286,0.3000,0.5385,0.6000,0.6000,0.2727,0.7368,0.8333,0.5294,0.6250,0.6316,0.7647,0.2727,0.5882,0.8500,0.7692,0.7647,0.6471,0.7647,0.6842,0.7143,0.6667,0.5000,0.7500,0.4706,0.6667,0.5556,0.6471,0.5000,0.8571,0.7826,0.4444,0.5000,0.4737,0.7647,0.6471,0.8125,0.5625,0.3750,0.7813,0.4706,0.6000,0.5625,0.6842,0.5263,0.3684,0.5000,0.7059,0.4762,0.6429,0.4500,0.1875,0.4211,0.5789,0.5789,0.6000,0.7391,0.6000,0.6923,0.4000,0.4118,0.2857,0.3333,0.5500,0.5000,0.4118,0.3125,0.4706,0.5000,0.4286,0.3333,0.2381,0.5882,0.6000,0.4706,0.6667,0.5500,0.3158,0.5000,0.3158,0.5909,0.5000,0.7333,0.5000,0.1818,0.3846,0.6364,0.7333,0.1000,0.5217,0.6316,0.8261,0.8182,0.6250,0.5909,0.6923,,0.5263,0.6316,0.6452,0.4500,0.5294,0.3684,0.4762,0.5000,0.6667,0.6000,0.7000,0.7000,0.5000,0.6000,0.7000,0.3333,0.9000,0.9000,1.0000,0.9000,0.9000,0.8000,0.5333,0.6000,0.9000,0.8000,0.7000,0.6000,0.7333,0.4667,0.4667,0.8000,0.4667,0.6667,0.3636,0.5000,0.4167,0.7500,0.7000,0.3333,0.7000,0.5000,,0.7800,0.9760,0.8388,0.6000,0.9840,0.7152,0.7200,1.0000,0.8040,0.6200,1.0000,0.7340,0.7000,1.0000,0.7900,0.6400,0.9680,0.7384,0.8000,1.0000,0.8600,0.7600,0.9840,0.8272,0.8000,0.9920,0.8576,0.7400,0.9840,0.8132,0.7600,1.0000,0.8320,0.7600,0.9840,0.8272,0.6709,0.5975,0.6342,0.5096,0.6490,0.6032,0.4891,0.5359,0.7278,0.6667,0.7500,0.7500,0.6000,0.5106,0.6000,0.7000,0.6500,0.8000,0.7600,0.6900,0.7000,0.5800,0.7475,0.7167,0.7475,0.7167,0.8300,0.7700,0.7100,0.6800,0.8200,0.7700,48,69,216
5286,0.7000,0.4783,0.5909,0.3810,0.5833,0.4000,0.5600,0.4783,0.4118,0.4615,0.3750,0.5652,0.5769,0.5789,0.6000,0.8000,0.4706,0.8000,0.5500,0.5263,0.5263,0.5833,0.5000,0.3125,0.5714,0.5714,0.5000,0.4615,0.5333,0.4000,0.3636,1.0000,0.6667,0.4706,0.3750,0.5789,0.6471,0.5455,0.6471,0.7500,0.6923,0.7647,0.6471,0.5882,0.8421,0.5714,0.5000,0.5000,0.5833,0.4118,0.3333,0.6111,0.5882,0.6429,0.6429,0.5652,0.3333,0.3571,0.5263,0.7059,0.3529,0.4375,0.3750,0.4375,0.6875,0.4118,0.7500,0.8125,0.4737,0.4211,,0.3333,0.7059,0.3810,0.6429,0.5000,0.5000,0.4737,0.7368,0.4211,0.4500,0.6087,0.6667,0.3846,0.6000,0.5882,0.4762,0.6667,0.5500,0.6875,0.4706,0.6875,0.4118,0.6875,0.7143,0.3889,0.5714,0.7059,0.7000,0.4706,,0.6000,0.5263,0.5000,0.5263,0.5455,0.7273,0.6000,0.6667,0.3636,0.5385,0.3636,0.6667,0.4000,0.6957,0.6842,0.6087,0.6364,0.5833,0.4545,0.6154,0.8000,0.6316,0.5263,0.7097,0.4500,0.4118,0.6842,0.7143,0.3333,0.3889,0.5000,0.8000,0.7000,0.4000,0.4000,0.6000,0.5333,0.9000,0.4000,0.7000,0.4000,1.0000,0.5333,,0.2000,,0.7000,0.5000,,0.8000,0.3333,0.6667,0.7333,0.4000,0.7500,0.4545,0.2000,0.8333,0.5833,0.6000,,0.8000,0.4000,,0.7600,0.9920,0.8296,0.6600,0.9640,0.7512,0.7800,0.9840,0.8412,0.7800,0.9760,0.8388,0.6800,0.9840,0.7712,0.5800,0.9640,0.6952,0.6400,0.9840,0.7432,0.6200,0.9320,0.7136,0.8000,0.9840,0.8552,0.7000,0.9680,0.7804,0.5000,0.9920,0.6476,0.5600,0.9840,0.6872,0.5048,0.5685,0.5367,0.4737,0.6386,0.5213,0.5580,0.5651,0.6111,0.5333,0.2000,0.6000,0.6139,0.5342,0.6000,0.7300,0.6800,0.6400,0.6400,0.5900,0.6500,0.6800,0.6700,0.6550,0.6700,0.6550,0.6900,0.6500,0.6900,0.6500,0.6800,0.7200,38,57,202
5553,0.9000,0.7826,0.8636,0.7143,0.8333,0.8667,0.8000,0.7391,0.4118,0.6923,0.6875,0.7826,0.8077,0.7368,0.8667,0.8000,0.7059,0.7333,0.5500,0.5263,0.5263,0.7500,0.6667,0.5625,0.4286,0.5238,0.4000,0.8462,0.9333,0.6000,0.9091,0.9474,1.0000,0.9412,0.3750,0.8421,0.7647,0.7273,0.7647,0.8500,0.6154,0.8824,0.7647,0.6471,1.0000,0.7143,0.6667,0.7143,0.8333,0.6471,0.5556,0.6111,0.7059,0.5714,0.7857,,0.5000,0.5714,0.4737,0.7647,0.8235,0.7500,0.4375,0.7500,0.8750,0.6471,0.5500,0.7500,0.6316,0.5263,0.7895,0.6667,0.6471,0.4762,0.7857,0.6500,0.6875,0.7895,0.7895,0.6316,0.6500,0.6087,0.6000,0.3846,0.4667,0.5882,0.5714,0.8889,0.6000,0.6250,0.5882,0.5625,0.5882,0.8125,0.7143,0.5556,0.6190,0.5294,0.6500,0.5882,0.7500,0.8000,0.7368,0.7727,0.7368,0.5455,0.7727,0.6667,0.7917,0.5455,0.6154,0.2727,0.6667,0.8000,0.7826,0.7368,0.6957,0.7273,0.7083,0.7273,0.6154,0.7000,0.4737,0.8421,0.7419,0.6000,0.5882,0.6316,0.6667,0.5556,0.5000,1.0000,0.7000,0.9000,0.7000,0.9000,0.9000,0.7333,0.5000,0.8000,0.6000,0.6000,1.0000,0.6000,0.6000,0.5000,0.8000,0.9000,0.7000,0.9000,0.7333,0.5333,0.6667,0.7333,0.6000,0.6667,0.7273,0.6000,1.0000,1.0000,0.9000,0.8000,0.8000,0.7000,,0.9400,0.9840,0.9532,0.7400,0.9720,0.8096,0.8600,0.9760,0.8948,0.8400,0.9760,0.8808,0.8200,0.9680,0.8644,0.8200,0.9600,0.8620,0.9200,0.9920,0.9416,0.7600,0.8520,0.7876,0.8200,0.9680,0.8644,0.8000,0.9560,0.8468,0.7600,0.9840,0.8272,0.8400,1.0000,0.8880,0.7601,0.6444,0.7022,0.6949,0.8021,0.6658,0.6355,0.6672,0.7778,0.6000,0.6500,0.8000,0.6905,0.8379,0.7500,0.8500,0.8300,0.9200,0.8000,0.7900,0.7400,0.7800,0.8075,0.8217,0.8075,0.8217,0.8300,0.7600,0.8900,0.7500,0.8800,0.9000,35,59,192
5653,0.7500,0.6087,0.8636,0.6667,0.7917,0.8667,0.8400,0.5217,0.5882,0.6154,0.6875,0.8696,0.6154,0.7895,0.7333,0.8667,0.8235,0.8000,0.9000,0.6842,0.6842,0.9167,0.8333,0.7500,0.7143,0.6190,0.8000,0.8462,0.8000,0.7333,0.8182,0.8947,1.0000,0.5882,0.5000,0.7368,0.7647,0.9091,0.6471,0.9500,0.9231,0.8235,0.8824,0.9412,0.8947,0.5714,0.8333,1.0000,0.6667,0.8235,0.9444,0.8889,0.8235,0.9286,0.8929,0.8696,0.8333,0.7143,0.6842,0.5882,0.7059,0.6250,0.3750,0.6250,0.7813,0.7059,0.7500,0.6250,0.6842,0.5789,0.7368,0.5833,0.5882,0.7143,0.7143,0.6500,0.8750,0.6842,0.7895,0.5789,0.6000,0.6957,0.8000,0.7692,0.8000,0.8235,0.7619,0.6111,0.6000,0.6875,0.7647,0.7500,0.7059,1.0000,0.5714,0.7778,0.5714,0.7059,0.7500,0.5882,0.8333,0.7500,0.7895,0.9091,0.7895,0.7273,0.8182,0.8667,0.9167,0.3636,0.7692,0.4545,0.8000,0.9000,0.7826,0.5263,0.6957,0.6364,0.8750,0.9545,0.7692,0.7000,0.8947,0.6842,0.6774,0.5500,0.6471,0.8421,0.6667,0.7222,0.6667,0.8000,0.9000,0.9000,0.8000,0.8000,0.6000,0.7333,0.7000,0.8000,0.6000,0.6000,0.7000,0.8000,0.7333,0.7000,0.9000,0.8000,0.8000,0.9000,0.9333,0.8667,0.9333,0.8667,0.7333,0.6667,0.5455,0.8000,,0.7500,0.8000,0.4667,0.7000,0.8000,,0.8200,0.9920,0.8716,0.8200,0.9520,0.8596,0.9200,0.9920,0.9416,0.9000,0.9760,0.9228,0.8600,0.9680,0.8924,0.7800,0.9600,0.8340,0.9000,1.0000,0.9300,0.6800,0.9680,0.7664,0.8600,0.9920,0.8996,0.8000,0.9760,0.8528,0.8800,0.9920,0.9136,0.8800,,0.8800,0.7142,0.7781,0.7462,0.7949,0.8182,0.7406,0.7115,0.7382,0.7444,0.7667,0.8000,0.8000,0.8429,0.6724,0.7500,0.8500,0.8500,0.9000,0.8200,0.8600,0.8600,0.8600,0.8725,0.8567,0.8725,0.8567,0.8900,0.8900,0.8800,0.8300,0.9000,0.8600,52,85,257
5751,0.9500,0.7391,0.9091,0.8571,0.8750,0.9333,0.7600,1.0000,0.7647,0.3846,0.7500,0.8261,0.8077,1.0000,0.8000,0.8667,0.7059,0.5333,0.9000,0.5789,0.5263,0.9167,0.7500,0.8750,0.5714,0.6190,0.7000,0.6154,0.8667,0.8000,0.9091,0.9474,0.9444,0.8824,0.7500,0.8421,0.5882,0.7273,0.6471,0.8500,0.9231,0.6471,0.6471,0.8824,0.9474,0.7143,0.7500,0.7857,0.9167,0.7647,0.8333,0.8333,0.9412,0.4286,0.7857,0.8261,0.6111,0.8571,0.5789,0.8235,0.7647,0.6875,0.6250,0.6875,0.7188,0.8235,0.7500,0.5000,0.6316,0.8421,0.6316,0.7500,0.7059,0.6190,0.8571,0.6000,0.6875,0.7368,0.8421,0.5263,0.5500,0.6522,0.4667,0.3846,0.4667,0.9412,0.7143,0.7778,0.6000,0.8125,0.6471,0.6875,0.7059,0.6875,0.7857,0.7222,0.6190,0.7059,0.8500,0.6471,0.8333,0.6000,0.5789,0.6364,0.5789,0.8636,0.7727,0.8667,0.8750,0.5455,0.6923,0.7273,0.7333,0.7000,0.7826,0.6316,0.5217,0.6364,0.8750,0.8182,0.6154,0.6000,0.5789,0.7368,0.6774,0.4500,0.7647,0.7895,0.7619,0.5556,0.6667,0.9000,0.7000,0.9000,0.6000,0.9000,0.7000,0.8000,0.9000,0.8000,0.9000,0.4000,0.9000,0.8667,0.4667,0.3000,0.9000,0.9000,0.8000,0.8000,0.9333,0.6000,0.7333,0.8000,0.8000,0.7500,0.7273,0.7000,0.9167,0.9167,0.9000,0.4000,,0.9000,,0.9200,0.9920,0.9416,0.8400,1.0000,0.8880,0.9200,1.0000,0.9440,0.9000,1.0000,0.9300,0.9400,0.9920,0.9556,0.9000,0.9920,0.9276,0.9600,0.9920,0.9696,0.8400,0.9680,0.8784,0.8400,0.9760,0.8808,0.8000,0.9760,0.8528,0.8000,0.9760,0.8528,0.8400,0.9760,0.8808,0.8121,0.7418,0.7769,0.7455,0.8090,0.7351,0.6861,0.6878,0.7833,0.6667,0.6000,0.8500,0.7738,0.7601,0.9000,0.8900,0.9100,0.9600,0.8200,0.8000,0.9000,0.9200,0.9050,0.8800,0.9050,0.8800,0.9400,0.9200,0.9000,0.8600,0.9600,0.8800,48,84,250
5834,0.7500,0.5652,0.8182,0.5238,0.7500,0.6000,0.6000,0.5652,0.4118,0.4615,0.6875,0.6522,0.7692,0.7895,0.6667,0.8000,0.6471,0.5333,0.5000,0.4737,0.5789,0.6667,0.5833,0.4375,0.4286,0.6667,0.2000,0.5385,0.6667,0.7333,0.7273,0.8421,0.7778,1.0000,0.5000,0.7895,0.5882,0.6364,0.7059,0.7500,0.7692,0.8235,0.7059,0.8824,0.7895,0.3571,0.6667,0.6429,0.8333,0.5882,0.7778,0.7778,0.7059,0.5000,0.8929,0.7826,0.4444,0.3571,0.7368,0.5882,0.7647,0.6250,0.6875,0.5625,0.6563,,0.6500,0.5000,0.6316,0.5263,0.6316,0.3333,0.3529,0.5238,0.5714,0.4500,0.5625,0.7368,0.6316,0.7368,0.7500,0.7391,0.5333,0.3846,0.6000,0.8824,0.5714,0.6667,0.4500,0.7500,0.4118,0.6875,0.6471,0.8750,0.6429,0.6111,0.4286,0.7647,0.7500,0.6471,0.7500,0.6500,0.6316,0.6818,0.6316,0.6818,0.7727,0.8000,0.7917,0.4545,0.6154,0.7273,0.6667,0.6000,0.7826,0.7895,0.5652,0.6364,0.7083,0.7273,0.5385,0.7000,0.6316,0.6842,0.8065,0.6500,0.4118,0.8421,0.5714,0.2778,0.8333,0.6000,0.9000,0.8000,0.7000,0.7000,0.4000,0.4667,0.9000,0.7000,0.6000,0.7000,0.9000,0.5333,0.5333,0.3000,0.5000,0.6000,0.8000,0.6000,0.8667,0.4667,0.6000,0.7333,0.6000,0.5833,0.6364,0.4000,0.8333,0.6667,0.9000,0.6000,0.7000,0.5000,0.8000,0.9200,0.9920,0.9416,0.7200,0.9840,0.7992,0.8200,0.9840,0.8692,0.7600,0.9840,0.8272,0.7200,1.0000,0.8040,0.6600,0.9440,0.7452,0.7400,0.9840,0.8132,0.5800,0.8760,0.6688,0.7400,0.9320,0.7976,0.8000,0.9920,0.8576,0.5400,0.9760,0.6708,0.7200,0.9400,0.7860,0.6273,0.5978,0.6126,0.5346,0.7525,0.6355,0.6147,0.6621,0.6972,0.5333,0.4000,0.7000,0.6357,0.6727,0.6667,0.8200,0.7100,0.7400,0.6800,0.7400,0.7200,0.9000,0.8075,0.7350,0.8075,0.7350,0.8100,0.8200,0.8200,0.7800,0.7400,0.8000,48,72,215
5852,0.8500,0.6957,0.8636,0.8095,0.7917,0.7333,0.7200,0.7826,0.7059,0.7692,0.8125,0.7391,0.6538,0.8421,0.7333,0.8667,0.6471,0.8000,0.7500,0.7895,0.7895,0.9167,0.8333,0.5625,0.7143,0.7619,0.6000,0.7692,0.8000,0.4667,0.8182,0.8947,0.8889,0.9412,0.8750,0.6842,0.7059,0.8182,0.8235,0.8000,0.7692,0.9412,0.7059,0.8235,0.8947,0.6429,0.9167,0.9286,0.5833,0.7059,0.7778,0.8333,0.8824,0.5714,0.8929,0.8696,0.7222,0.5714,0.7368,0.7059,0.7647,0.8750,0.8125,0.5000,0.7813,0.5882,0.9000,0.8750,0.8421,0.6842,0.7368,0.7500,0.5294,0.8095,0.5714,0.7500,0.4375,0.6842,0.6842,0.8421,0.8500,0.8261,0.8667,0.7692,0.8000,0.9412,0.7619,0.6667,0.7000,0.8750,0.5882,0.8125,0.8235,0.7500,0.7143,0.9444,,0.9412,0.8000,0.3529,1.0000,0.7000,0.7895,0.6818,0.7895,0.8182,0.8636,0.7333,0.9583,0.7273,0.6923,0.7273,0.9333,0.9000,0.8261,,0.7826,0.8182,0.8333,0.8636,0.3846,0.7000,0.5789,0.6842,0.9032,0.5000,0.8235,0.8421,0.7619,0.8333,0.8889,0.5000,1.0000,0.6000,0.5000,0.8000,0.7000,0.8000,0.9000,0.7000,0.6000,0.7000,0.9000,0.8000,0.8667,0.6000,1.0000,1.0000,0.9000,0.6000,0.8667,0.6000,0.6000,0.8000,0.7333,0.8333,0.7273,0.9000,1.0000,0.9167,0.8000,0.3333,0.8000,0.8000,,0.9000,0.9680,0.9204,0.8400,0.9840,0.8832,0.9000,1.0000,0.9300,0.8600,0.9920,0.8996,0.9200,0.9840,0.9392,0.8600,1.0000,0.9020,0.8800,0.9840,0.9112,0.9200,1.0000,0.9440,0.8000,0.9560,0.8468,0.9200,0.9840,0.9392,0.8600,0.9560,0.8888,0.8800,0.9760,0.9088,0.7636,0.7698,0.7667,0.6590,0.8256,0.7577,0.7532,0.7703,0.7250,0.8334,0.8000,0.9500,0.7190,0.7796,0.8000,0.8800,0.8800,0.8800,0.8800,0.8900,0.8600,0.7800,0.9075,0.8783,0.9075,0.8783,0.9100,0.9300,0.9200,0.8700,0.9600,0.8700,62,88,269
5856,0.9000,0.5652,0.8182,0.7143,0.4583,0.6667,0.5200,0.6957,0.4118,0.6923,0.5625,0.7391,0.7308,0.7368,0.8667,0.8000,0.4706,0.8000,0.7500,0.4737,0.5789,0.7500,0.5000,0.6875,0.4286,0.3333,0.4000,0.5385,0.6000,0.4000,0.3636,0.7368,0.7222,0.7059,0.6250,0.6316,0.7059,0.5455,0.7059,0.7000,0.7692,0.7647,0.2941,0.5882,0.7368,0.6429,0.5000,0.6429,0.6667,0.5294,0.7222,0.6667,0.6471,0.5000,0.7500,0.7391,0.5556,0.5000,0.5789,0.7059,0.6471,0.5625,0.7500,0.3125,0.8438,0.4706,0.6000,0.6250,0.6842,0.4211,0.3684,0.5000,0.5882,0.4762,0.5714,0.4000,0.3750,0.5263,0.5263,0.5789,0.6000,0.5652,0.6000,0.6154,0.5333,0.5882,0.5238,0.5556,0.6000,0.8125,,0.5625,0.6471,0.8125,0.5714,0.5556,0.3333,0.7059,0.6500,0.4118,0.6667,0.4500,0.5789,0.5000,0.5789,0.6364,0.7273,0.7333,0.6250,0.4545,0.6154,0.3636,0.6000,0.7000,0.3913,0.6316,0.8261,0.8182,0.6250,0.6818,0.4615,0.7000,0.5789,0.6316,0.7742,0.5000,0.7059,0.8421,0.6190,0.5556,0.5556,0.8000,0.7000,0.8000,0.5000,0.9000,0.8000,0.5333,1.0000,0.6000,0.6000,0.7000,1.0000,0.6667,0.6000,0.7000,0.8000,0.2000,0.6000,0.8000,0.8000,0.6667,0.6000,0.9333,0.5333,0.7500,0.8182,0.7000,0.5833,0.5833,0.7000,0.6000,0.9000,0.7000,,0.7400,0.9680,0.8084,0.6000,0.9840,0.7152,0.8200,1.0000,0.8740,0.7400,0.9920,0.8156,0.8000,0.9840,0.8552,0.7000,1.0000,0.7900,0.7800,0.9840,0.8412,0.7000,1.0000,0.7900,0.7000,0.9560,0.7768,0.7800,0.9840,0.8412,0.8000,0.9560,0.8468,0.8000,0.9760,0.8528,0.6519,0.6289,0.6404,0.4846,0.6397,0.6013,0.5673,0.6154,0.7444,0.6334,0.7500,0.4000,0.7262,0.6641,0.8000,0.7200,0.7500,0.7800,0.7600,0.7100,0.7800,0.7600,0.7625,0.7500,0.7625,0.7500,0.7900,0.7700,0.7400,0.7500,0.7800,0.7400,51,68,194
5929,1.0000,0.7391,0.7727,0.8571,0.8750,0.6667,0.8000,0.7826,0.8824,0.6154,0.6250,0.8261,0.8077,0.8421,0.7333,0.8667,0.8235,0.8667,0.8500,0.8947,0.6316,1.0000,0.8333,0.8125,0.6429,0.5714,0.5000,0.7692,1.0000,0.7333,0.8182,1.0000,0.9444,0.9412,0.6250,0.7368,0.9412,0.9091,1.0000,0.9000,0.5385,0.7059,0.7059,0.9412,0.8947,0.8571,0.9167,0.7143,0.8333,0.8235,0.9444,0.8333,0.8235,0.7857,0.8214,0.8696,0.8889,0.8571,0.8421,1.0000,0.8235,0.7500,0.8125,0.5625,0.7500,0.7059,0.7500,0.8125,0.4737,0.5263,0.7368,0.6667,0.6471,0.6190,0.7143,0.7000,0.8125,0.8947,0.7368,0.7368,0.7500,0.8696,0.8000,0.6923,0.8000,0.9412,0.7143,0.6667,0.6500,0.8750,0.7647,0.5625,0.7647,0.7500,0.7143,0.5556,0.5714,0.8235,0.7500,0.6471,1.0000,0.7500,1.0000,0.8636,1.0000,0.7273,0.8636,0.8667,0.9583,0.6364,0.8462,0.5455,0.8000,0.8000,0.9130,0.8421,0.7391,0.9091,0.8750,0.8636,0.6154,0.8000,0.8421,0.7895,0.9032,0.6000,0.7059,0.6842,0.8095,0.9444,0.7222,0.9000,1.0000,0.8000,0.5000,0.7000,0.7000,0.8667,0.9000,0.7000,0.9000,0.5000,1.0000,0.8667,0.7333,0.8000,0.9000,1.0000,0.7000,0.8000,0.9333,0.6667,0.7333,0.8667,0.8000,0.7500,0.9091,0.9000,0.9167,0.9167,0.9000,0.6667,0.7000,0.6000,0.6000,0.9400,0.9920,0.9556,0.8400,0.9640,0.8772,0.9400,0.9840,0.9532,0.8800,0.9760,0.9088,0.8800,0.9840,0.9112,0.8400,0.9640,0.8772,0.9200,0.9840,0.9392,0.8600,0.9320,0.8816,0.9400,0.9840,0.9532,0.8800,0.9680,0.9064,0.8400,0.9920,0.8856,0.8400,0.9840,0.8832,0.7884,0.7976,0.7930,0.7506,0.8401,0.7890,0.7397,0.8072,0.7889,0.8000,0.8500,0.8500,0.7929,0.8682,0.6333,0.9100,0.8700,0.9200,0.8700,0.9000,0.9000,0.8600,0.9150,0.8950,0.9150,0.8950,0.9400,0.9100,0.9300,0.8800,1.0000,0.9400,54,78,243
6009,0.9000,0.7391,0.9091,0.9048,0.9583,0.8000,0.8400,0.9130,0.5882,0.6923,0.7500,0.9130,0.8846,0.8947,1.0000,0.8000,0.8235,0.7333,0.7000,0.7368,0.7368,1.0000,0.9167,0.6875,0.7143,0.8095,0.7000,0.6923,0.9333,0.6000,0.7273,0.9474,0.8333,0.8235,0.6250,0.7368,0.6471,0.7273,1.0000,0.8500,0.9231,0.7059,0.8235,0.9412,0.9474,0.5714,1.0000,0.5000,0.9167,0.6471,0.8333,0.8889,0.8235,0.7143,0.7500,0.8261,0.6667,0.6429,0.6316,0.6471,,0.6875,0.5000,0.7500,0.7500,0.5882,0.8000,0.8125,0.5789,,0.6842,0.7500,0.7647,0.6190,0.7857,0.8000,0.5625,0.8947,0.7368,0.7895,0.8000,0.8696,0.7333,0.7692,0.8000,0.8235,0.7619,,0.6500,0.6875,0.7647,0.9375,0.5882,0.8125,0.7143,0.7778,0.6190,0.7647,0.8500,0.4706,0.8333,0.8500,0.7895,0.8182,0.7895,0.6364,0.9091,0.8000,0.8750,0.5455,0.6154,0.8182,0.8000,0.8000,0.7826,0.7895,0.8696,0.7273,0.8750,0.9545,0.5385,0.5000,0.6842,0.7895,0.7097,0.6500,,0.5263,0.6667,0.6667,0.7778,0.8000,0.8000,1.0000,0.6000,1.0000,0.9000,0.8000,0.8000,0.8000,0.6000,0.7000,1.0000,0.9333,0.6667,0.6000,0.8000,0.8000,0.7000,1.0000,1.0000,0.8000,0.7333,0.8000,0.8667,0.9167,0.6364,0.7000,0.9167,0.8333,1.0000,0.3333,0.9000,0.6000,,0.9400,0.9840,0.9532,0.9400,0.9840,0.9532,0.9400,0.9920,0.9556,0.8000,0.9920,0.8576,0.9000,1.0000,0.9300,0.7800,0.9840,0.8412,0.9600,1.0000,0.9720,0.7800,0.9920,0.8436,0.7800,0.9760,0.8388,0.8800,0.9680,0.9064,0.8200,0.9920,0.8716,0.8600,1.0000,0.9020,0.8302,0.8118,0.8210,0.7314,0.8173,0.7171,0.7493,0.7433,0.8167,0.8000,0.7000,0.7500,0.8738,0.7366,0.7500,0.9400,0.8300,0.9600,0.8200,0.8300,0.8400,0.8600,0.8925,0.8700,0.8925,0.8700,0.9300,0.9000,0.8900,0.8500,0.9600,0.9700,54,72,237
6183,0.9000,0.3043,0.6364,0.6190,0.5417,0.6000,0.6000,0.4783,0.4118,0.3846,0.3750,0.6957,0.5769,0.3684,0.7333,0.3333,0.6471,0.8000,0.3500,0.4211,0.2105,0.6667,0.5000,0.4375,0.2143,0.1429,0.2000,0.1538,0.7333,0.3333,0.2727,0.4737,0.3889,0.4706,0.3750,0.7368,0.2353,0.1818,0.2353,0.4500,0.3846,0.2941,0.3529,0.4706,0.3684,0.6429,0.4167,0.1429,0.5833,0.4118,0.4444,0.3889,0.5294,0.2143,0.6429,0.8261,0.2778,0.3571,0.1579,0.4118,0.6471,0.5000,0.1875,0.3125,0.6563,0.5882,0.5000,0.6250,0.2632,0.4737,0.4211,0.4167,0.4706,0.4762,0.5714,0.2500,0.2500,0.3158,0.5789,0.4737,0.5000,0.4783,0.4000,0.3077,0.5333,0.4118,0.5714,0.8333,0.4000,0.5000,0.9412,0.5625,0.3529,0.5000,0.2857,0.2778,0.4286,0.6471,0.6000,0.5882,0.4167,0.4000,0.3158,0.3636,0.3158,,,,,,,,,,,,,,,,,,,,0.1935,,,,,,,0.9000,0.8000,0.8000,0.9000,0.7000,0.5000,0.5333,0.3000,0.0000,0.5000,0.6000,0.8000,0.4667,0.2000,0.5000,0.6000,0.5000,0.7000,,0.3333,0.2000,0.2667,0.8000,0.4000,0.4167,0.5455,0.4000,,0.1667,0.7000,0.4667,,,,0.7400,0.9920,0.8156,0.6200,0.9840,0.7292,0.8600,0.9840,0.8972,0.7400,0.9840,0.8132,0.7200,1.0000,0.8040,0.5400,0.9440,0.6612,0.6000,0.9840,0.7152,0.5800,0.8760,0.6688,0.5200,0.9320,0.6436,0.4600,0.9920,0.6196,0.6000,0.9760,0.7128,0.6400,0.9400,0.7300,0.5480,0.4481,0.4980,0.3551,0.3794,0.4470,0.4780,0.3177,0.6111,0.3334,0.5500,0.6000,0.4028,0.4558,,0.7400,0.6700,0.6000,0.5600,0.5400,,,0.6300,0.6220,0.6300,0.6220,,,0.7100,0.5500,0.7200,0.5800,43,,
6270,0.7000,0.4348,0.6364,0.4286,0.5000,0.5333,0.6000,0.6087,0.2941,0.3846,0.4375,0.4348,0.5769,0.5789,0.7333,0.5333,0.4706,,0.4000,0.7368,0.5263,0.6667,0.6667,0.5000,0.3571,0.4762,0.3000,0.3077,0.6667,0.1333,0.5455,0.7895,0.6667,0.5294,0.5000,0.6316,0.4706,0.1818,0.3529,0.5500,0.4615,0.8235,0.7059,0.4706,0.7368,0.4286,0.3333,0.3571,0.5000,,0.5556,0.7222,0.5294,0.2143,0.7500,0.7391,0.3889,0.5000,0.2632,0.6471,0.7059,0.6875,0.5625,0.6250,0.7500,0.4118,0.6500,0.6250,0.5789,0.6842,0.6842,0.3333,0.7059,0.5714,0.5714,0.2000,0.5625,0.7368,0.7368,0.6316,0.6500,0.6522,0.6000,0.5385,0.6667,0.5294,0.3810,0.5556,0.3500,0.5000,0.5882,0.7500,0.5882,0.6250,0.6429,0.7778,0.4762,0.7059,0.4500,0.4706,0.3333,0.5500,0.4211,0.4545,0.4211,0.5000,0.6364,0.6000,0.6667,0.8182,0.6923,0.7273,0.7333,0.9000,0.6522,0.4211,0.6957,0.4545,0.7500,0.7273,0.7692,0.4000,0.5263,,0.6129,0.3000,0.2353,0.5263,0.4286,0.7222,0.6667,0.6000,0.8000,0.5000,0.7000,0.6000,0.6000,0.3333,0.4000,0.7000,0.8000,0.5000,0.8000,0.6667,0.7333,0.7000,0.6000,0.3000,0.5000,0.7000,0.4667,0.7333,0.6000,0.8000,0.5333,0.5000,0.5455,0.6000,0.8333,0.4167,0.6000,0.6000,0.7000,0.4000,0.4000,0.7600,0.9920,0.8296,0.5600,0.9640,0.6812,0.6200,0.9840,0.7292,0.8000,0.9760,0.8528,0.6600,0.9840,0.7572,0.6200,0.9640,0.7232,0.6400,0.9840,0.7432,0.6800,0.9320,0.7556,0.7000,0.9840,0.7852,0.8400,0.9680,0.8784,0.6800,0.9920,0.7736,0.7200,0.9840,0.7992,0.5054,0.5538,0.5286,0.3519,0.5611,0.5558,0.5627,0.5865,0.6111,0.7000,0.6500,0.4000,0.6190,0.5993,0.5000,0.6500,0.6900,0.6400,0.7200,0.7100,0.7200,0.6200,0.6825,0.6883,0.6825,0.6883,0.7500,0.7100,0.6100,0.6600,0.6800,0.7000,42,52,196
6299,0.7500,0.5217,0.8182,0.3333,0.5833,0.7333,0.4400,0.6957,0.4118,0.3846,0.6250,0.5217,0.5385,0.5789,0.4667,0.8000,0.5294,0.6667,0.4000,0.5263,0.6842,0.5833,0.6667,0.3750,0.3571,0.4762,0.6000,0.3077,0.7333,0.5333,0.5455,0.8421,0.6667,0.4118,0.2500,0.5789,0.4118,0.5455,0.4118,0.7000,0.7692,0.5294,0.5294,,0.6316,0.6429,0.8333,0.2143,0.5000,0.5882,0.2222,0.5000,0.4118,0.4286,0.8214,0.6087,,0.2857,0.5263,0.5294,0.8235,0.4375,0.4375,0.5625,0.7188,0.2353,0.6000,0.5625,0.4737,0.3684,0.3684,0.5833,0.3529,0.5714,0.5714,0.3500,0.5625,0.6316,0.5789,0.5789,0.6000,0.5652,0.5333,0.3846,0.4000,,0.5238,0.5000,0.3000,0.5625,0.4706,0.4375,0.7059,0.6875,0.5714,0.5556,0.3333,0.6471,0.3000,0.2941,0.3333,0.2000,0.3684,0.3182,0.3684,0.6364,0.5000,0.6667,0.7917,0.5455,0.5385,0.3636,0.6667,0.6000,0.4783,0.5789,0.5652,0.7273,,0.8182,0.4615,,0.7368,0.5789,0.6774,0.2500,0.4118,0.4211,0.5238,0.2778,0.6667,0.7000,0.8000,0.9000,0.4000,0.6000,0.6000,0.5333,0.9000,0.6000,,0.6000,0.6000,0.6667,,0.6000,,0.7000,0.8000,0.7000,0.8667,0.6000,0.7333,,0.8000,0.4167,0.5455,0.6000,0.7500,0.5000,0.8000,,0.7000,0.4000,,0.8600,0.9760,0.8948,0.7400,0.9920,0.8156,0.8400,0.9840,0.8832,0.7200,0.9840,0.7992,0.7800,1.0000,0.8460,0.7000,0.9920,0.7876,0.7400,1.0000,0.8180,0.4600,0.9600,0.6100,0.6400,0.9680,0.7384,0.7800,0.9520,0.8316,0.7600,0.9840,0.8272,0.7800,0.9840,0.8412,0.5659,0.5470,0.5564,0.5436,0.5588,0.5080,0.4995,0.5264,0.6576,0.6667,0.6000,0.7500,0.6861,0.6391,0.5500,0.8100,0.7300,0.7400,0.6800,0.7600,0.7600,0.6600,0.7425,0.7467,0.7425,0.7467,0.8000,0.7600,0.7300,0.6800,0.7000,0.7800,42,53,224
6336,0.8000,0.7826,0.8636,0.7619,0.7917,0.6667,0.7600,0.7391,0.6471,0.6923,0.5625,0.7826,0.8462,0.8421,0.7333,0.8000,0.7647,0.6000,0.6000,0.3684,0.5789,0.8333,0.8333,0.4375,0.5000,0.8095,0.3000,0.6154,0.6000,0.4667,0.5455,0.9474,0.8889,0.8235,0.6250,0.7895,0.5882,0.7273,0.7059,0.8000,0.8462,0.8824,0.7059,0.8235,0.7368,0.5000,0.6667,0.4286,0.5833,0.7647,0.6111,0.8333,0.6471,0.4286,0.7500,0.6087,0.7222,0.7143,0.7368,0.7059,0.6471,0.7500,0.5625,0.6250,0.7500,0.6471,0.5500,0.8750,0.5263,0.5263,0.5263,0.6667,0.7647,0.6190,0.5714,0.6000,0.5625,0.6316,0.6842,0.7368,0.7500,0.8261,0.6000,0.7692,0.8667,0.7647,0.7143,0.6111,0.5500,0.6875,0.4118,0.6250,0.5882,0.8125,0.7143,0.6111,0.5714,0.7647,0.9000,0.7059,0.8333,0.7500,0.5263,0.5909,0.5263,0.5455,0.8182,0.7333,0.6667,0.6364,0.6154,0.7273,0.8000,0.8000,0.8261,0.7368,0.6522,0.7273,0.9167,0.9091,0.6923,0.5000,0.5789,0.5263,0.6774,0.3500,0.4706,,0.6190,0.5556,0.9444,0.7000,0.8000,0.6000,0.9000,0.9000,0.7000,0.9333,0.7000,0.7000,0.8000,0.0000,0.8000,0.8667,0.6000,0.6000,0.7000,1.0000,0.7000,0.6000,0.7333,0.5333,0.8000,0.8667,0.7333,0.8333,0.6364,0.8000,0.7500,0.6667,0.9000,0.6667,0.8000,0.7000,0.6667,0.8800,0.9920,0.9136,0.8800,0.9640,0.9052,0.8400,0.9840,0.8832,0.9000,0.9760,0.9228,0.8200,0.9840,0.8692,0.7800,0.9640,0.8352,0.9000,0.9840,0.9252,0.7000,0.9320,0.7696,0.8200,0.9840,0.8692,0.8800,0.9680,0.9064,0.8600,0.9920,0.8996,0.8600,0.9840,0.8972,0.7459,0.6693,0.7076,0.4955,0.7624,0.6418,0.6838,0.6696,0.7111,0.7334,0.6500,0.8500,0.7286,0.7366,0.7222,0.8700,0.8300,0.9000,0.8200,0.8100,0.8500,0.7800,0.8425,0.8467,0.8425,0.8467,0.8600,0.8500,0.8600,0.8000,0.6200,0.9200,45,79,243
6574,0.6500,0.4783,0.5909,0.4286,0.5833,0.4667,0.6400,0.5652,0.5882,0.5385,0.2500,0.5652,0.6923,0.5263,0.6667,0.2667,0.4118,0.8000,0.6500,0.7368,0.3158,0.5833,0.5833,0.2500,0.7143,0.3333,0.6000,0.5385,0.8000,0.4000,0.3636,0.5789,0.6111,0.7059,0.6250,0.4737,0.4118,0.6364,0.4118,0.8500,0.5385,0.5294,0.7647,0.8824,0.5263,0.4286,0.4167,0.5714,0.5833,0.5294,0.6667,0.6111,0.5882,0.4286,0.6429,0.6087,0.5556,0.3571,0.6842,0.5882,0.5294,0.5625,0.6875,0.5625,,0.4706,0.5500,0.3750,0.5789,0.5263,0.6316,0.5000,0.1765,0.6667,,0.4000,0.5000,0.4737,0.4737,0.4737,0.4500,0.5217,0.3333,0.1538,0.8000,0.5294,0.6190,0.6111,0.5000,0.6875,0.3529,0.6875,0.4118,0.8125,0.5714,0.5556,0.5714,0.8235,0.8000,0.5882,,0.4500,0.3684,0.3636,0.3684,0.6818,0.6364,0.6667,0.6667,0.7273,0.5385,0.6364,0.9333,0.7000,0.7826,0.6316,0.6957,0.7273,0.7500,0.8636,0.5385,0.5000,0.6316,0.7895,0.7097,0.4500,0.4118,0.5263,0.7143,0.7778,0.6111,0.6000,0.7000,0.6000,0.8000,0.9000,0.7000,0.7333,0.9000,0.7000,0.8000,0.6000,0.7000,0.6000,,0.7000,0.9000,0.4000,0.7000,0.3000,,0.5333,0.6000,0.9333,0.8000,,0.8182,0.7000,0.7500,0.8333,0.7000,,,0.7000,0.8667,0.7400,0.9920,0.8156,0.6400,0.9640,0.7372,0.8200,0.9840,0.8692,0.7000,0.9760,0.7828,0.6200,0.9840,0.7292,0.6000,0.9640,0.7092,0.6800,0.9840,0.7712,0.7000,0.9320,0.7696,0.7000,0.9840,0.7852,0.6800,0.9680,0.7664,0.6600,0.9920,0.7596,0.6600,0.9840,0.7572,0.5413,0.5260,0.5337,0.5846,0.5940,0.5494,0.5373,0.6283,0.7278,0.6000,0.8000,0.5500,0.6333,0.7603,0.7834,0.7300,0.6400,0.6800,0.6800,0.7600,0.8600,0.5400,0.8275,0.7250,0.8275,0.7250,0.8900,0.9100,0.7400,0.7700,0.8400,0.7900,41,82,245
6595,0.7000,0.5652,0.5455,0.6667,0.5417,0.6667,0.5600,0.4348,0.2941,0.3846,0.4375,0.3043,0.3846,0.6316,0.4667,0.6667,0.5882,0.6000,0.4000,0.4737,0.5263,0.4167,0.5000,0.6875,0.5714,0.6667,0.6000,0.8462,0.8000,0.2667,0.4545,0.7368,0.6667,0.6471,0.5000,0.5263,0.6471,0.4545,0.5294,0.6000,0.6154,0.5294,0.5294,0.5882,0.7895,0.6429,0.5000,0.3571,0.5000,0.3529,0.7222,0.6667,0.5294,0.5714,0.7500,0.8261,0.4444,0.5714,0.6842,0.8235,0.4706,0.6875,0.3750,0.5000,0.5625,,0.4500,0.6875,0.7368,0.6316,0.3684,0.3333,0.5882,0.4286,0.5714,0.4000,0.5625,0.4211,0.5789,0.6316,0.6500,0.7391,0.7333,0.6154,0.5333,0.5882,0.4762,0.4444,0.5000,0.4375,0.5882,0.6250,0.5882,0.5000,0.6429,0.4444,0.2381,0.6471,0.8000,0.4706,0.7500,0.5000,0.2632,0.5455,0.2632,0.5909,0.6364,0.6667,0.6250,0.6364,0.5385,0.6364,0.8000,0.8000,0.6087,0.6316,0.6522,0.5455,0.9167,0.7273,0.6154,0.5000,,0.6316,0.5484,0.5500,0.2941,,0.7619,0.7222,0.5556,0.5000,1.0000,0.7000,0.8000,0.6000,0.8000,0.5333,0.8000,0.7000,0.5000,0.5000,0.7000,0.4667,0.5333,0.5000,0.8000,0.5000,0.6000,0.4000,0.7333,0.6000,0.4667,0.6667,,0.6667,0.9091,0.3000,0.8333,0.6667,0.7000,0.4667,0.8000,0.4000,,0.7200,0.9840,0.7992,0.6800,0.9840,0.7712,0.7000,0.9800,0.7840,0.7000,0.9520,0.7756,0.7200,1.0000,0.8040,0.6000,0.9680,0.7104,0.6400,0.9840,0.7432,0.6400,0.9760,0.7408,0.6200,0.9480,0.7184,0.6600,0.9600,0.7500,0.6400,0.9680,0.7384,0.7200,0.9920,0.8016,0.4989,0.5535,0.5262,0.6282,0.5876,0.5765,0.5509,0.5987,0.6778,0.5000,0.6500,0.5500,0.5889,0.6460,0.6000,0.7000,0.6700,0.6400,0.6600,0.6900,0.7100,0.6200,0.7800,0.6783,0.7800,0.6783,0.8500,0.7700,0.6900,0.8100,0.7400,0.7400,46,68,215
6661,0.8000,0.4783,0.7273,0.6190,0.6667,0.7333,0.6000,0.6087,0.6471,0.6923,0.6875,0.6522,0.6923,0.7368,0.5333,0.7333,0.4118,0.6667,0.6500,0.6316,0.4737,0.6667,0.5000,0.5625,0.5714,0.4286,0.5000,0.6154,0.6667,0.5333,0.6364,0.7895,0.6667,0.5294,0.5000,0.7368,0.4118,0.7273,0.5294,0.7000,0.6923,0.7059,0.5294,0.5294,0.8421,0.8571,0.5833,0.2857,0.5833,0.5294,0.6111,0.6111,0.7059,0.4286,0.7857,0.7391,0.5000,0.2143,0.6842,0.7647,0.7059,0.8750,0.5000,0.6875,0.7500,0.4118,0.7000,0.5625,0.6316,0.3684,0.5263,0.5000,0.6471,0.3810,0.7143,0.6500,0.5000,0.6842,0.6316,0.4737,0.5000,0.6087,0.6000,0.4615,0.6000,0.5882,0.7143,0.4444,0.5000,0.6250,0.6471,0.6250,0.2941,0.6875,0.2143,0.6111,0.3333,0.7059,0.8000,0.2941,0.5000,0.7000,0.7368,0.8636,0.7368,0.5909,0.9091,0.6667,0.7917,0.5455,0.5385,0.5455,0.6000,0.6000,0.6087,0.6842,0.6957,0.6364,0.7083,0.6364,0.7692,0.6000,0.5789,0.6842,0.8065,0.5000,0.5294,0.4737,0.7143,0.5000,0.6667,0.6000,0.8000,0.9000,0.7000,0.6000,0.7000,0.7333,0.6000,0.7000,0.8000,0.5000,0.8000,0.5333,0.5333,0.5000,0.6000,0.6000,0.6000,0.7000,0.6667,0.6667,0.6667,0.7333,0.7333,0.6667,0.5455,0.7000,0.8333,0.8333,0.7000,0.4667,,0.6000,0.6000,0.8200,0.9920,0.8716,0.6800,0.9840,0.7712,0.8000,0.9840,0.8552,0.8000,0.9840,0.8552,0.7200,1.0000,0.8040,0.5800,0.9440,0.6892,0.7800,0.9840,0.8412,0.6600,0.8760,0.7248,0.7400,0.9320,0.7976,0.7000,0.9920,0.7876,0.6400,0.9760,0.7408,0.8000,0.9400,0.8420,0.6619,0.5820,0.6220,0.5789,0.6351,0.6001,0.5512,0.6539,0.7028,0.5333,0.5500,0.6000,0.6905,0.6798,0.6000,0.7700,0.7000,0.7800,0.7100,0.7500,0.7800,0.7600,0.7175,0.7483,0.7175,0.7483,0.8300,0.6900,0.6800,0.6700,0.8600,0.7600,40,64,200
6690,0.8500,0.6087,0.9091,0.6190,0.6667,0.7333,0.7600,0.6522,0.8235,0.6923,0.6875,0.7826,0.8077,0.8947,0.7333,1.0000,0.7059,0.8000,0.6500,0.7368,0.6316,0.5000,0.9167,0.4375,0.3571,0.3333,0.9000,0.7692,0.6000,0.1333,0.5455,0.8947,0.8333,0.8824,0.5000,0.6842,0.7647,0.5455,0.5294,0.8500,0.6154,0.7647,0.4706,0.8235,0.7895,0.7857,0.7500,0.5714,0.6667,0.8235,0.8333,0.6667,0.7059,0.5000,0.8214,0.7826,0.7222,0.2143,0.7895,0.6471,0.4706,0.6875,0.7500,0.6250,0.7188,0.4706,0.7500,0.9375,0.7895,0.5263,0.6842,0.5833,0.8235,0.7619,0.5714,0.8500,0.3750,0.6316,0.7895,0.7895,0.8000,0.7826,0.6000,0.3077,0.6000,0.8235,0.7619,0.8333,0.7000,0.6875,0.6471,0.6875,0.5882,0.7500,0.7857,0.5556,0.6667,0.8824,0.7500,,0.7500,0.7000,0.7895,0.9091,0.7895,0.6364,0.8636,0.8667,0.8333,0.5455,0.6923,0.5455,0.8000,0.8000,0.7391,0.7368,0.7391,0.8182,0.7500,0.7273,0.6154,0.6000,0.6842,0.6842,0.7742,0.6500,0.6471,0.6316,0.8095,0.6667,0.5556,0.7000,1.0000,0.8000,0.7000,0.6000,0.6000,0.8000,0.3000,0.8000,0.8000,0.6000,1.0000,0.8667,0.4000,0.5000,0.8000,0.7000,0.8000,0.7000,0.8000,0.4000,0.9333,0.7333,0.6667,0.9167,0.7273,0.8000,0.7500,0.7500,1.0000,0.4667,0.8000,0.7000,,0.9200,0.9840,0.9392,0.7200,0.9600,0.7920,0.8600,0.9920,0.8996,0.9000,0.9920,0.9276,0.9200,1.0000,0.9440,0.7600,0.9440,0.8152,0.8600,0.9840,0.8972,0.8200,0.9480,0.8584,0.8000,0.9520,0.8456,0.6600,0.9800,0.7560,0.8200,0.9760,0.8668,0.7400,0.9520,0.8036,0.7379,0.6690,0.7034,0.6006,0.6996,0.6804,0.6943,0.7200,0.7250,0.6334,0.6500,0.7500,0.7357,0.7490,0.7500,0.8300,0.8600,0.8600,0.7700,0.8100,0.8200,0.8400,0.9025,0.8250,0.9025,0.8250,0.9300,0.9600,0.8800,0.8400,0.8400,0.7800,50,85,258
6795,0.8500,0.8696,0.9545,0.8095,0.5833,0.5333,0.6400,0.5652,0.6471,0.7692,0.4375,0.8696,0.8462,0.9474,0.8000,0.9333,0.7647,0.8667,0.6500,0.7895,0.5263,0.6667,0.9167,0.6250,0.6429,0.7143,0.4000,0.5385,0.6667,0.3333,0.9091,0.8947,0.9444,0.7647,0.7500,0.7368,0.7647,0.6364,0.8235,0.9000,0.6923,0.8824,0.7647,0.8824,0.8947,0.7143,0.6667,0.7143,0.6667,0.4706,0.5556,0.7778,0.5882,0.4286,0.7500,0.6957,0.7222,0.7857,0.6842,0.7647,0.4706,0.8125,0.7500,0.8125,0.5625,0.7059,0.6000,0.7500,0.6842,0.6316,0.5263,0.6667,0.4706,0.3810,0.7143,0.8000,0.5000,0.5263,0.7368,0.7895,0.8000,0.7826,0.6667,0.4615,0.7333,0.7647,0.6667,0.7778,0.7000,0.6875,0.5882,0.8750,0.5294,0.8750,0.6429,0.6667,0.5714,0.7059,0.8500,0.4118,1.0000,0.5500,0.8421,0.6818,0.8421,0.5909,0.8182,0.8667,0.9167,0.5455,0.7692,0.7273,0.8667,0.7000,0.7391,0.4211,0.6087,0.6364,0.7917,0.8182,0.8462,0.7000,0.6842,0.6316,0.6129,0.3500,0.6471,0.7895,0.7619,0.7222,0.6667,0.6000,1.0000,0.9000,0.5000,0.9000,0.7000,0.8667,0.7000,0.8000,0.7000,0.5000,1.0000,0.8667,0.6667,0.6000,0.8000,0.9000,0.6000,0.6000,0.8667,0.6667,0.6667,0.9333,0.6667,0.8333,0.6364,0.8000,0.9167,0.7500,1.0000,0.4000,,0.7000,,0.8800,0.9680,0.9064,0.8200,0.9680,0.8644,0.8000,0.9920,0.8576,0.8000,0.9680,0.8504,0.8000,0.9920,0.8576,0.8400,0.9920,0.8856,0.8600,1.0000,0.9020,0.7200,0.9680,0.7944,0.7400,0.9240,0.7952,0.7000,0.9400,0.7720,0.8600,0.9920,0.8996,0.8000,0.9600,0.8480,0.7212,0.7572,0.7392,0.4846,0.8161,0.6651,0.6781,0.7048,0.7639,0.7667,0.7000,0.7500,0.7476,0.7505,0.7000,0.8300,0.8100,0.8600,0.7600,0.8200,0.8600,0.6600,0.8600,0.8233,0.8600,0.8233,0.8700,0.9100,0.8100,0.8500,0.8000,0.7900,55,79,236
6799,0.9000,0.7826,0.9091,0.8095,0.9167,0.8000,0.8400,0.8261,0.6471,0.6154,0.7500,0.7826,0.8077,0.8947,0.9333,0.9333,0.7059,0.8667,0.9500,0.7368,0.6316,0.9167,0.9167,0.6250,0.4286,0.7143,0.8000,0.7692,0.8000,0.8667,0.6364,0.8421,0.9444,0.6471,0.7500,0.7368,0.5294,0.9091,0.7647,0.7000,0.8462,0.7059,0.7647,0.8824,0.8947,0.8571,0.8333,0.8571,0.6667,0.8235,0.7778,0.8889,0.8235,0.6429,0.7143,0.8696,0.7222,0.7857,0.6842,0.6471,0.8824,0.8125,0.8750,0.6250,0.8125,0.7059,0.7500,0.9375,0.6316,0.6316,0.7368,0.8333,0.5882,0.5714,0.6429,0.7500,0.7500,0.6842,0.6842,0.8947,0.9000,0.7826,0.7333,0.6923,0.7333,0.8235,0.9048,0.8333,0.4500,0.8125,0.8235,0.8125,0.7647,0.6250,0.7857,0.8333,0.6190,0.8824,0.8500,0.5294,0.8333,0.5500,0.5789,0.8182,0.5789,0.6818,0.8182,0.9333,0.8750,0.7273,0.8462,0.5455,0.8000,0.9000,0.7391,0.5789,0.6957,0.9091,0.8750,0.8636,0.7692,0.7000,0.6842,0.8421,0.7742,0.6000,0.7647,0.6842,0.7619,0.7222,0.9444,0.7000,0.8000,0.8000,0.7000,0.8000,1.0000,0.8667,0.8000,0.8000,0.9000,0.8000,1.0000,0.8667,0.7333,0.8000,0.8000,0.8000,0.9000,0.8000,1.0000,0.6000,0.7333,0.8667,1.0000,0.8333,0.6364,0.8000,1.0000,0.8333,0.9000,0.6667,0.9000,0.7000,0.6667,0.8600,0.9840,0.8972,0.8200,0.9920,0.8716,0.9400,1.0000,0.9580,0.9000,1.0000,0.9300,0.8600,1.0000,0.9020,0.8200,0.9600,0.8620,0.8000,0.9920,0.8576,0.7400,0.9760,0.8108,0.7800,0.9760,0.8388,0.8200,0.9840,0.8692,0.8600,0.9840,0.8972,0.8000,0.9320,0.8396,0.7990,0.7887,0.7939,0.8090,0.7703,0.7690,0.7474,0.7521,0.8306,0.8000,0.8000,0.8500,0.8333,0.8061,0.7556,0.8700,0.8600,0.8000,0.8000,0.9100,0.8800,0.8600,0.8725,0.8533,0.8725,0.8533,0.8900,0.9100,0.8600,0.8300,0.9000,0.8400,53,84,248
6860,0.8000,0.5652,0.9545,0.6667,0.8750,0.8000,0.7600,0.6522,0.2941,0.6923,0.6250,0.7826,0.7308,0.7368,0.8000,0.7333,0.6471,0.8000,0.7500,0.6842,0.4737,0.7500,0.7500,0.5625,0.5714,0.4762,0.8000,,0.7333,0.6000,0.9091,0.7895,0.7778,0.8824,0.6250,0.8421,0.7059,0.6364,0.6471,0.8000,0.6923,0.6471,0.6471,0.9412,0.8421,0.4286,0.8333,0.5000,0.7500,0.6471,0.7778,0.7778,0.7647,0.7143,0.7857,0.8696,0.5000,0.7857,0.7895,0.5882,0.5882,0.7500,,0.7500,0.7813,0.4118,0.8500,0.7500,0.7368,0.6316,0.6316,0.7500,0.5294,0.6667,0.7857,0.7500,0.5625,0.6316,0.5789,0.5789,0.6000,0.8261,0.8000,0.8462,0.6667,0.8235,0.7143,0.9444,0.6500,0.8750,0.7059,0.8125,0.8235,0.8750,0.7857,0.6111,0.7143,0.9412,0.8000,0.5882,0.7500,0.7000,0.3684,0.9545,0.3684,0.7727,0.6818,0.8000,0.8333,0.5455,0.6923,0.7273,1.0000,0.8000,0.7391,0.6842,0.8696,0.7273,0.8750,0.7727,0.6154,0.9000,0.6316,0.6316,0.8065,0.6000,0.5294,0.9474,0.8571,0.8333,0.8889,0.4000,1.0000,0.6000,0.7000,0.9000,0.7000,0.8000,0.8000,1.0000,0.7000,0.8000,0.7000,0.8667,0.7333,0.5000,0.9000,0.9000,0.9000,0.8000,0.9333,0.7333,0.6667,0.6667,0.6667,0.7500,0.5455,0.8000,0.9167,0.8333,0.9000,0.6000,0.9000,0.7000,0.8000,0.8800,0.9760,0.9088,0.8400,0.9920,0.8856,0.9200,0.9840,0.9392,0.8600,0.9840,0.8972,0.9200,1.0000,0.9440,0.7800,0.9920,0.8436,0.9200,1.0000,0.9440,0.7200,0.9600,0.7920,0.8000,0.9680,0.8504,0.8400,0.9520,0.8736,0.8800,0.9840,0.9112,0.8600,0.9840,0.8972,0.7076,0.6719,0.6898,0.7111,0.7590,0.6957,0.7329,0.7384,0.7583,0.8000,0.7000,0.9000,0.7452,0.7659,0.8000,0.8800,0.8500,0.9200,0.8200,0.8500,0.8700,0.8000,0.9000,0.8650,0.9000,0.8650,0.9100,0.9200,0.8900,0.8800,0.7800,0.9000,58,78,257
6951,0.8000,0.6522,0.9091,0.6667,0.7083,0.8000,0.6000,0.6087,0.4706,0.7692,0.8125,0.6087,0.6154,0.5789,0.6667,0.8667,0.7647,0.6667,0.3500,0.5263,0.6842,0.8333,0.7500,0.6250,0.3571,0.6667,0.6000,0.4615,0.8667,0.6667,0.4545,0.8947,0.7778,0.6471,0.5000,0.7368,0.4706,0.5455,0.4706,0.8000,0.5385,0.7647,0.4706,0.5882,0.7895,0.5714,0.5833,0.6429,0.7500,0.5882,0.6667,0.6111,0.7059,0.5714,0.7857,0.6957,0.7222,0.3571,0.8421,0.7059,0.7647,0.6250,0.5000,0.6250,0.7813,0.3529,0.7000,0.6875,0.3684,0.5263,0.5263,0.5000,0.6471,0.5714,0.7143,0.6500,0.4375,0.7895,0.7368,0.7895,0.8000,0.8696,0.6667,0.7692,0.4667,0.8235,0.6667,0.5000,0.6500,0.6875,0.9412,0.7500,0.5882,0.8125,0.5000,0.4444,0.6190,0.5294,0.6500,0.3529,0.7500,0.7000,0.6316,0.7727,0.6316,0.6364,0.5455,0.8000,0.8333,0.4545,0.6154,0.5455,0.6000,0.7000,0.7826,0.6842,0.6087,0.9091,0.7083,0.7727,0.6923,0.6000,0.7368,0.7368,0.6774,0.4500,0.6471,0.6316,0.5238,0.5556,0.7778,1.0000,1.0000,0.8000,0.5000,0.6000,0.5000,0.7333,0.6000,0.7000,0.6000,0.6000,0.8000,0.8000,0.5333,0.6000,0.6000,0.9000,0.9000,0.7000,0.7333,0.6000,0.8667,0.8000,0.5333,0.7500,0.6364,0.4000,0.8333,0.8333,0.8000,0.5333,0.8000,0.7000,,0.8600,0.9840,0.8972,0.7400,0.9920,0.8156,0.8800,1.0000,0.9160,0.8400,1.0000,0.8880,0.7800,1.0000,0.8460,0.7200,0.9600,0.7920,0.8400,0.9920,0.8856,0.6800,0.9760,0.7688,0.7600,0.9760,0.8248,0.8600,0.9840,0.8972,0.6800,0.9840,0.7712,0.7600,0.9320,0.8116,0.6940,0.6413,0.6676,0.6487,0.6299,0.6253,0.6558,0.6654,0.7028,0.6667,0.6000,0.9000,0.7119,0.6727,0.7500,0.8300,0.7800,0.8400,0.7500,0.7800,0.7900,0.8000,0.8175,0.7950,0.8175,0.7950,0.8600,0.8300,0.8300,0.7500,0.7400,0.8400,48,72,216
6986,0.8000,0.4783,0.6818,0.5714,0.5833,0.6667,0.5200,0.6522,0.4706,0.6923,0.5625,0.6087,0.6923,0.5789,0.6667,0.6667,0.6471,0.7333,0.6000,0.7368,0.4211,0.4167,0.8333,0.3750,0.5714,0.3333,0.4000,0.4615,0.5333,0.3333,0.7273,0.7368,0.7778,0.7059,0.5000,0.4737,0.4706,0.5455,0.5882,0.4000,0.6154,0.6471,0.7647,0.8824,0.6842,0.4286,0.8333,0.5714,0.5000,0.5882,0.3889,0.6111,0.5882,0.4286,0.6786,,0.3889,0.7857,0.6316,0.6471,0.6471,0.6875,0.6250,0.5000,0.7188,0.4118,0.6000,0.7500,0.6316,0.6316,0.4737,0.5833,0.5294,0.5238,0.7143,0.6000,0.5000,0.6316,0.6842,0.8421,0.8500,0.7391,0.6000,0.3846,0.6000,0.7647,0.7143,0.6667,0.6500,0.6250,0.6471,0.6250,0.5882,0.8125,0.5714,0.7222,0.4762,0.7059,0.8000,0.4706,0.8333,0.5500,0.4211,0.4091,0.4211,0.3182,0.5455,0.7333,0.8333,0.4545,0.6154,0.6364,0.8667,0.5000,0.7826,0.5789,0.7826,0.7273,0.6250,0.7273,0.6154,0.4000,0.3684,0.5789,0.7419,0.3000,0.6471,0.6842,0.6190,0.9444,0.6111,0.7000,0.9000,0.6000,0.6000,0.9000,0.6000,0.6000,0.7000,0.7000,0.5000,0.6000,0.7000,0.7333,0.6000,0.5000,0.4000,0.8000,0.4000,0.7000,0.8667,0.3333,,0.8667,0.6000,0.5000,0.5455,0.7000,0.6667,0.6667,0.8000,0.6667,0.8000,0.6000,0.6000,0.7000,0.9760,0.7828,0.7200,0.9920,0.8016,0.7800,0.9840,0.8412,0.7000,0.9840,0.7852,0.7200,1.0000,0.8040,0.7000,0.9920,0.7876,0.8000,1.0000,0.8600,0.6600,0.9600,0.7500,0.7200,0.9680,0.7944,0.5800,0.9520,0.6916,0.7400,0.9840,0.8132,0.7400,0.9840,0.8132,0.6139,0.5831,0.5985,0.4320,0.6346,0.5899,0.6485,0.6013,0.6750,0.6667,0.4500,0.6000,0.6445,0.6743,0.6667,0.7300,0.7100,0.8000,0.6900,0.7700,0.7300,0.8000,0.7475,0.7383,0.7475,0.7383,0.8400,0.7200,0.7300,0.7000,0.7800,0.8200,33,69,227
6989,0.9000,0.7826,0.7727,0.8571,0.7500,0.8667,0.8000,0.5652,0.8235,0.6154,0.6250,0.8261,0.7308,0.6316,0.7333,0.7333,0.9412,0.7333,0.8500,0.6316,0.6842,0.7500,0.6667,0.5000,0.5000,0.4762,0.5000,0.6154,0.6000,0.7333,0.7273,0.8947,0.9444,0.7647,0.6250,0.9474,0.7059,0.4545,0.7647,0.9500,0.5385,0.6471,0.7647,0.8235,0.8421,0.6429,0.9167,0.6429,0.8333,0.7059,0.5000,0.7778,0.5882,0.8571,0.7500,0.7826,0.7222,0.7143,0.8947,0.7059,0.7059,0.7500,0.5625,0.8750,0.7188,,0.6000,0.6250,0.7895,0.6842,0.6842,0.7500,0.7647,0.5714,0.7143,0.6000,0.8125,0.8421,0.5263,0.6842,0.7000,0.7826,0.6667,0.7692,0.8667,0.8824,0.7143,0.8333,0.5000,0.7500,0.5294,0.6875,0.7059,0.6875,0.7857,0.5000,0.5714,0.6471,0.9500,0.5882,0.8333,0.5500,0.6316,0.6818,0.6316,0.5000,0.7727,0.8000,,0.7273,0.5385,0.7273,0.8000,0.7000,0.7391,0.7368,0.8261,0.8182,0.8333,0.6364,0.5385,0.6000,0.7368,0.7895,0.6774,0.4000,0.8235,0.7368,0.6190,0.7778,0.7222,1.0000,1.0000,0.8000,0.9000,0.8000,0.8000,0.9333,1.0000,0.8000,1.0000,0.7000,0.8000,0.8667,0.3333,0.4000,0.6000,1.0000,0.6000,0.7000,0.8667,0.6000,0.6667,0.9333,0.5333,0.7500,0.8182,0.7000,0.8333,0.5833,1.0000,,,0.8000,,0.9000,0.9840,0.9252,0.9000,0.9840,0.9252,0.8400,0.9800,0.8820,0.8200,0.9520,0.8596,0.9000,1.0000,0.9300,0.7200,0.9680,0.7944,0.7800,0.9840,0.8412,0.7800,0.9760,0.8388,0.8800,0.9480,0.9004,0.6800,0.9600,0.7640,0.7600,0.9680,0.8224,0.8000,0.9920,0.8576,0.7627,0.6793,0.7210,0.6122,0.7596,0.7212,0.7072,0.6921,0.8778,0.6000,0.5000,0.8000,0.7214,0.7870,0.8000,0.8800,0.8100,0.7800,0.7800,0.8200,0.7900,0.7200,0.8525,0.8100,0.8525,0.8100,0.8500,0.8500,0.8300,0.8800,0.8200,0.8000,51,83,240
6996,0.6000,0.3043,0.7727,0.6190,0.4583,0.9333,0.8000,0.3913,0.2941,0.3077,0.3125,0.5652,0.6538,0.6316,0.5333,0.7333,0.7059,0.5333,0.8000,0.5789,0.5789,0.7500,0.6667,0.4375,0.3571,0.3810,0.7000,0.6154,,0.2000,0.3636,0.7368,0.6667,0.5882,0.6250,0.7368,,0.5455,0.4706,0.5500,0.3077,0.5882,0.7059,0.7059,0.6842,0.4286,0.7500,0.6429,0.4167,0.7059,0.6111,0.7222,0.8235,0.6429,0.6786,0.7826,0.4444,0.3571,0.5789,0.7647,0.5882,0.8125,0.4375,0.1875,0.6250,0.3529,0.6500,0.3750,0.4211,0.3158,0.6316,0.5833,0.6471,0.5714,0.5714,0.6500,0.1875,0.7368,0.4737,0.5789,0.6000,0.6957,0.5333,0.5385,0.4667,0.7059,0.4286,0.5556,0.3500,0.5000,0.3529,0.5625,0.4118,0.4375,0.6429,0.5000,0.5238,0.5294,0.7000,0.4706,0.7500,0.4000,0.3684,0.6818,0.3684,0.6364,0.6818,0.8000,0.4583,0.4545,0.6154,0.1818,0.8000,0.7000,0.6087,0.5789,0.7826,0.7273,0.5417,0.6818,0.6923,0.7000,0.6842,0.6842,0.5484,0.2500,0.5882,0.7368,0.4286,0.3333,0.5000,0.6000,1.0000,0.7000,0.7000,0.9000,0.6000,0.5333,0.5000,0.5000,0.7000,0.5000,0.8000,0.7333,0.8000,0.6000,0.6000,0.6000,0.7000,0.8000,0.8000,0.6667,0.5333,0.4667,,0.5833,0.6364,0.6000,0.8333,0.5000,1.0000,,0.8000,0.5000,,0.7000,0.9920,0.7876,0.5400,0.9640,0.6672,0.7600,0.9840,0.8272,0.7800,0.9760,0.8388,0.7000,0.9840,0.7852,0.7600,0.9640,0.8212,0.8400,0.9840,0.8832,0.5600,0.9320,0.6716,0.7000,0.9840,0.7852,0.6800,0.9680,0.7664,0.6600,0.9920,0.7596,0.7600,0.9840,0.8272,0.5394,0.5913,0.5654,0.5051,0.5911,0.5672,0.5419,0.5738,0.6694,0.7667,0.6000,0.6500,0.6417,0.7139,0.6500,0.6700,0.7500,0.8400,0.6700,0.6100,0.7200,0.7200,0.7725,0.7100,0.7725,0.7100,0.8100,0.7300,0.7800,0.7700,0.7600,0.8100,46,56,214
7088,0.9500,0.8261,0.7273,0.6667,0.7500,0.8000,0.7600,0.6087,0.6471,0.6154,0.7500,0.6957,0.8077,1.0000,0.8000,0.9333,0.8235,0.7333,0.8500,0.9474,0.7895,0.7500,0.7500,0.5625,0.5714,0.5714,0.8000,0.6923,0.7333,0.5333,0.4545,0.7368,0.8889,0.7059,0.7500,0.6316,0.4706,0.6364,0.7647,0.8500,0.5385,0.7059,0.5294,0.9412,0.7368,0.5714,0.7500,0.6429,0.8333,0.6471,0.7222,1.0000,0.8824,0.6429,0.6429,0.8261,0.1111,0.8571,0.6842,0.7647,0.8235,0.8125,0.4375,0.6875,0.7500,0.4118,0.6500,0.5000,0.6842,0.5263,0.6842,0.5000,0.5294,0.6190,0.5000,0.6000,0.8750,0.8421,0.7368,0.9474,0.9500,0.6522,0.7333,0.5385,0.8000,0.7059,0.6667,0.6667,0.4500,0.8750,0.7647,0.8125,0.5882,0.7500,0.5000,0.8889,0.6190,0.7647,0.7500,0.6471,1.0000,0.6500,0.8421,0.5455,0.8421,0.4091,0.5909,0.8000,0.8333,0.5455,0.3077,0.6364,0.6667,0.6000,0.6522,0.5263,,0.5455,0.8750,0.6818,0.3077,0.7000,0.8421,0.7895,0.7419,0.6500,0.5882,0.7368,0.8095,0.6667,0.5556,0.7000,0.9000,0.7000,0.6000,0.9000,0.6000,0.7333,0.7000,0.7000,0.9000,0.4000,0.9000,0.8667,0.6667,0.6000,0.6000,0.6000,0.8000,0.6000,0.9333,0.6000,0.7333,0.8000,0.7333,0.6667,0.7273,0.8000,0.8333,0.5833,0.7000,0.6000,0.7000,0.8000,0.6000,0.8800,0.9840,0.9112,0.8400,0.9920,0.8856,0.9400,1.0000,0.9580,0.7800,1.0000,0.8460,0.8600,1.0000,0.9020,0.7800,0.9600,0.8340,0.8600,0.9920,0.8996,0.9200,0.9760,0.9368,0.8800,0.9760,0.9088,0.8000,0.9840,0.8552,0.8200,0.9840,0.8692,0.8200,0.9320,0.8536,0.7388,0.7756,0.7572,0.6897,0.6894,0.6748,0.7091,0.6530,0.7278,0.7667,0.6000,0.7000,0.7238,0.7073,0.7000,0.8900,0.8100,0.8600,0.8500,0.7600,0.7800,0.8600,0.8800,0.8250,0.8800,0.8250,0.8700,0.9000,0.9000,0.8500,0.9600,0.8500,55,72,245
7123,0.7500,0.8261,0.8636,0.9048,0.8750,0.8667,0.8400,0.8261,0.7059,0.6923,0.7500,0.6522,0.7692,0.7895,0.8000,0.8000,0.7647,0.6000,0.8000,0.6842,0.8421,,0.8333,0.7500,0.5714,0.4286,0.3000,0.6923,0.7333,0.6667,0.9091,0.8947,0.8333,0.8824,0.5000,0.6316,0.5294,0.3636,0.7647,0.7500,0.7692,,0.7647,0.7647,0.8421,0.4286,0.7500,0.7143,0.7500,0.4706,0.8333,0.7778,0.7647,,0.7857,0.7391,0.5556,,0.8421,0.6471,0.7647,0.5625,0.5000,0.6875,0.7500,0.7059,0.8500,1.0000,0.9474,0.3684,0.5789,0.6667,0.5294,0.6667,0.5714,0.6500,0.6875,0.7895,0.7368,0.6316,0.6500,0.7391,0.6000,0.6923,0.6000,0.7059,0.8095,0.6667,0.7000,,0.7059,0.8125,0.7647,0.8125,,0.6667,0.4286,0.8235,0.8000,0.4118,0.8333,0.6000,0.7895,0.5909,0.7895,0.5909,0.6818,0.8667,0.7500,0.5455,0.8462,0.6364,0.7333,0.6000,0.7826,,0.6957,0.5455,0.6667,0.7727,0.5385,0.7000,0.5263,0.6842,0.7097,0.5500,0.7059,0.4737,0.8571,0.7778,0.6111,0.7000,0.9000,0.8000,0.6000,0.8000,0.9000,0.9333,0.8000,0.9000,0.7000,0.8000,1.0000,0.8667,,0.5000,0.6000,0.7000,0.9000,0.6000,0.8667,0.9333,0.7333,0.8000,0.4667,0.7500,0.6364,0.7000,0.9167,0.8333,0.6000,0.7333,0.8000,0.8000,,0.9000,0.9840,0.9252,0.8400,0.9840,0.8832,0.9000,0.9920,0.9276,0.8400,0.9920,0.8856,0.7600,1.0000,0.8320,0.7400,0.9840,0.8132,0.7800,1.0000,0.8460,0.8200,0.9920,0.8716,0.7800,0.9760,0.8388,0.7800,0.9680,0.8364,0.7000,0.9920,0.7876,0.8400,1.0000,0.8880,0.7940,0.7220,0.7594,0.5981,0.7285,0.6989,0.6840,0.6765,0.8194,0.8667,0.5500,0.8000,0.7357,0.7366,0.8000,0.8800,0.7800,0.7800,0.7800,0.8500,0.8000,0.7400,0.8400,0.8117,0.8400,0.8117,0.8300,0.8900,0.8600,0.7800,0.8200,0.8300,45,76,236
7235,0.8500,0.6522,0.6818,0.6667,0.5417,0.6000,0.7200,0.5217,0.4118,0.6154,0.7500,0.5652,0.6923,0.7895,0.6000,0.8000,0.4706,0.8000,0.5000,0.4211,0.4737,0.7500,0.6667,0.5625,0.2857,0.4762,0.4000,0.5385,1.0000,0.4000,0.6364,0.8421,1.0000,0.7059,0.5000,0.8421,0.4118,0.5455,0.5294,0.9000,0.6923,0.4706,0.5294,0.7059,0.6316,0.4286,,0.5000,0.9167,0.5882,0.6111,0.7778,0.7647,0.4286,0.8929,0.8696,0.5000,0.5714,0.7368,0.8235,0.8824,0.5625,0.6250,0.5625,0.7500,0.4706,0.2000,,0.4211,0.5789,0.3684,,,,0.3571,0.4000,0.3125,0.7895,0.6316,0.7368,0.7500,0.5217,0.7333,0.5385,0.8667,0.7059,0.6667,0.8333,0.5500,0.3125,0.6471,0.5000,0.2941,0.5625,0.7143,,0.5238,0.6471,0.6000,0.4706,0.5833,0.5000,0.7368,0.4091,0.7368,0.5455,0.6818,0.8000,0.6667,0.6364,0.6923,0.6364,0.6000,0.6000,0.5652,0.4737,0.7391,0.7273,0.6667,0.4545,0.3846,0.7000,,0.7368,0.8065,0.6500,,0.6316,0.6190,0.4444,0.5556,0.7000,0.9000,0.8000,0.6000,0.9000,0.7000,0.9333,0.3000,0.7000,0.5000,0.7000,0.8000,0.9333,0.6667,0.8000,0.9000,0.8000,0.5000,0.4000,0.8667,0.4667,0.5333,0.8667,0.4000,0.7500,,0.4000,0.9167,0.7500,0.9000,0.6000,,0.6000,,0.8000,0.9840,0.8552,0.7400,0.9920,0.8156,0.8400,1.0000,0.8880,0.9000,1.0000,0.9300,0.8200,1.0000,0.8740,0.6200,0.9600,0.7220,0.9000,0.9920,0.9276,0.6400,0.9760,0.7408,0.6600,0.9760,0.7548,0.7000,0.9840,0.7852,0.6600,0.9840,0.7572,0.7200,0.9320,0.7836,0.6361,0.5843,0.6102,0.5846,0.6629,0.6180,0.5865,0.6213,0.7111,0.8000,0.8500,0.6500,0.6119,0.7133,0.6000,0.7900,0.7800,0.9000,0.6800,0.7500,0.7100,0.6600,0.7950,0.7683,0.7950,0.7683,0.7000,0.8500,0.8400,0.7900,0.9000,0.8500,49,64,220
7255,0.9000,0.7391,0.7727,0.7619,0.7917,0.7333,0.6800,0.7826,0.6471,0.7692,0.6250,0.8696,0.7692,0.8421,0.9333,0.8667,0.7059,0.7333,0.5500,0.7368,0.5263,0.9167,1.0000,0.6250,0.5000,0.7143,0.5000,0.6154,0.6667,0.5333,0.9091,0.8421,0.7778,0.8824,0.6250,0.8947,0.6471,0.6364,0.7647,0.9000,0.9231,0.7059,0.4706,0.8824,0.8421,0.6429,0.9167,0.7143,0.7500,0.7059,0.7222,0.7222,0.9412,0.4286,0.7143,0.6522,0.7222,0.7143,0.6316,0.6471,,0.5625,0.6250,0.5000,0.7813,0.7647,0.6000,,0.7368,0.6842,0.7895,0.4167,0.7059,0.7619,0.7857,0.6500,0.6250,0.6316,0.7895,0.8421,0.8500,0.7826,0.6667,0.5385,0.7333,0.7059,0.7143,0.7778,0.6500,0.6875,0.4706,0.6250,0.7059,0.7500,0.6429,0.5556,0.5238,0.9412,0.7000,0.4706,0.7500,0.6000,0.4737,0.3182,0.4737,0.5455,0.7727,0.8667,0.6250,0.5455,0.4615,0.6364,0.8667,0.6000,0.5217,0.4737,0.6957,0.9091,0.7917,0.8182,0.6923,0.6000,0.5789,0.5789,0.6452,0.5000,0.5882,,0.5238,0.5000,0.5556,0.9000,0.8000,0.7000,0.7000,0.8000,0.9000,0.4667,0.6000,0.7000,0.6000,0.5000,0.8000,0.7333,0.8000,0.9000,0.7000,0.8000,0.9000,0.6000,0.8667,0.5333,0.7333,0.7333,0.8667,0.7500,0.6364,0.8000,0.6667,0.6667,0.9000,0.4667,0.7000,0.8000,,0.9600,0.9920,0.9696,0.8600,0.9840,0.8972,0.9400,0.9840,0.9532,0.8400,0.9840,0.8832,0.8200,1.0000,0.8740,0.8400,0.9440,0.8712,0.9000,0.9840,0.9252,0.7200,0.8760,0.7668,0.7400,0.9320,0.7976,0.7000,0.9920,0.7876,0.8400,0.9760,0.8808,0.7800,0.9400,0.8280,0.7570,0.7423,0.7497,0.5789,0.7802,0.6946,0.6817,0.6124,0.7056,0.7667,0.8000,0.8500,0.7262,0.6894,0.7500,0.9200,0.8300,0.9000,0.7600,0.7800,0.7300,0.7000,0.7875,0.8200,0.7875,0.8200,0.7900,0.7500,0.8200,0.7900,0.8400,0.8900,48,60,199
7268,0.5500,0.5652,0.7273,0.7143,0.6667,0.7333,0.6800,0.6087,0.4118,0.3077,0.5625,0.3913,0.6538,0.6316,0.6000,0.6667,0.6471,0.5333,0.5000,0.5263,0.3684,0.5833,0.5000,0.5000,0.6429,0.4762,0.5000,0.7692,0.6667,0.2667,0.2727,0.7368,0.7222,0.5882,0.6250,0.6842,0.5882,0.5455,0.4118,0.6000,0.6154,0.4118,0.4706,0.7059,0.7895,0.4286,0.6667,0.4286,0.5000,0.5882,0.6111,0.4444,0.7059,0.5000,0.6429,0.8696,0.6667,0.5714,0.4737,0.7059,0.7059,0.5625,0.6875,0.5000,0.6563,,0.6000,0.7500,0.6842,0.5789,0.6842,0.5833,0.7647,0.7143,0.5714,0.4000,0.6250,,0.6842,0.6842,0.7000,0.4783,0.6667,0.6923,0.4000,0.5882,0.4286,0.5556,0.4500,0.7500,0.4706,0.5625,0.4706,0.6250,0.5000,0.5000,0.2857,0.7059,0.6000,0.5882,0.7500,0.6000,0.5789,0.4091,0.5789,0.7273,0.6818,0.8000,0.7917,0.5455,0.3846,0.6364,0.7333,1.0000,0.5652,0.7368,0.6087,0.7273,0.9583,0.7727,0.3846,0.5000,0.5263,0.7368,0.5806,0.5500,0.4706,0.5789,0.7143,0.6111,0.5000,0.5000,0.9000,0.9000,0.6000,0.7000,0.6000,0.6667,0.8000,,0.5000,0.5000,0.7000,0.4667,0.6667,0.2000,0.9000,0.7000,0.5000,0.7000,0.7333,0.5333,,0.6667,0.3333,0.3333,0.4545,0.6000,0.7500,0.5000,0.9000,0.3333,,0.5000,,0.8200,0.9640,0.8632,0.7000,0.9600,0.7780,0.9000,0.9920,0.9276,0.6600,0.9520,0.7476,0.7200,0.9400,0.7860,0.7000,0.9680,0.7804,0.8200,0.9760,0.8668,0.6600,0.9120,0.7356,0.8200,0.9520,0.8596,0.7200,0.9200,0.7800,0.7000,0.9920,0.7876,0.6800,0.9520,0.7616,0.5825,0.5520,0.5672,0.5507,0.5845,0.6085,0.5791,0.6330,0.6697,0.5667,0.5500,0.6000,0.5500,0.5896,0.5000,0.8100,0.6900,0.8200,0.7200,0.8000,0.8000,0.7800,0.7700,0.7733,0.7700,0.7733,0.8300,0.7600,0.7800,0.7100,0.7800,0.9000,39,64,227
7291,0.8000,0.6087,0.9545,0.8095,0.7083,0.8000,0.8000,0.8261,0.5882,0.7692,0.8125,0.8261,0.8077,0.8421,0.6667,1.0000,0.7647,0.7333,0.8000,0.6316,0.4737,0.7500,0.5833,0.6250,0.5714,0.5714,0.8000,0.6154,0.9333,0.7333,0.6364,0.8947,0.8333,0.7059,0.5000,0.8947,0.5882,0.6364,0.8235,0.9000,0.9231,0.8824,1.0000,1.0000,0.8421,0.7143,0.7500,0.9286,0.6667,0.4706,0.6667,0.7778,0.7059,0.5714,0.8571,0.8261,0.6667,0.5714,0.7368,0.7647,0.5882,0.7500,0.6250,0.6250,0.6875,0.7059,0.8500,0.8750,0.6842,0.5789,0.7368,0.5833,0.8235,0.4286,0.7143,0.6000,0.6875,0.6842,0.7368,0.7895,0.8000,0.7826,0.5333,0.6154,0.8000,0.8824,0.8095,0.7778,0.6000,0.6875,0.6471,0.7500,0.7647,0.7500,0.6429,0.5000,0.5714,0.6471,0.6000,0.6471,0.7500,0.5500,0.5789,0.6818,0.5789,0.7273,0.7273,0.8667,0.5000,0.5455,0.7692,0.4545,0.6667,0.8000,0.6957,0.6316,0.8261,0.9091,0.7083,0.9091,0.5385,0.4000,0.6316,0.8947,0.8387,0.5500,0.7059,0.7368,0.5238,0.7222,0.6111,0.5000,0.8000,0.9000,0.8000,0.8000,0.7000,0.7333,0.8000,0.8000,0.6000,0.7000,1.0000,0.8667,0.5333,0.8000,1.0000,0.5000,0.7000,0.7000,0.8000,0.4000,0.4667,0.8000,0.4000,0.5000,0.4545,0.6000,1.0000,0.8333,0.9000,0.2667,0.9000,,,0.9200,0.9920,0.9416,0.7800,0.9520,0.8316,0.9800,0.9920,0.9836,0.7000,0.9760,0.7828,0.8800,0.9680,0.9064,0.7600,0.9600,0.8200,0.7800,1.0000,0.8460,0.8400,0.9680,0.8784,0.8200,0.9920,0.8716,0.8000,0.9760,0.8528,0.7400,0.9920,0.8156,0.7000,0.9440,0.7732,0.7778,0.6933,0.7355,0.7705,0.8040,0.7070,0.6869,0.6760,0.7611,0.7000,0.9000,0.6000,0.5810,0.6758,0.9000,0.8900,0.7800,0.7800,0.7800,0.7900,0.7500,0.8000,0.8600,0.7950,0.8600,0.7950,0.8800,0.8900,0.8600,0.8100,0.8200,0.8700,48,83,247
7454,0.9000,0.6522,,0.5238,0.5833,0.8000,0.7600,0.6087,0.4706,0.6923,0.7500,0.8261,0.8846,,0.7333,0.8667,0.6471,0.8000,0.5000,0.5789,0.2632,0.9167,0.8333,0.6250,0.6429,0.5714,0.4000,0.5385,0.8000,0.6000,0.4545,0.7895,0.8889,0.6471,0.8750,0.7368,0.5294,0.6364,0.9412,0.9500,0.7692,0.5882,0.7647,1.0000,0.8421,0.5000,0.6667,0.5714,0.8333,0.5882,0.6111,0.7778,0.7059,0.5000,0.8929,0.7391,0.6111,0.5714,0.5789,0.6471,0.5882,,0.5000,0.5625,0.6875,0.6471,0.6000,0.7500,0.3684,0.6842,0.7895,0.5000,0.6471,0.5238,0.7857,0.5500,0.4375,0.6842,0.5789,0.5263,0.5500,,0.7333,0.6154,0.6000,0.7647,0.6667,0.5556,0.5000,0.5000,0.5882,0.6875,0.5882,0.7500,0.6429,0.7778,0.5714,0.4706,0.7500,0.5882,0.5000,0.5000,0.5263,0.6364,0.5263,0.5909,0.6364,0.5333,0.7500,0.5455,0.6923,0.4545,0.8667,0.7000,0.6957,0.6842,0.6957,0.7273,0.6250,0.6364,0.5385,0.7000,0.5789,0.4737,0.1935,0.5000,0.5294,0.4737,0.6667,0.6667,,0.9000,0.8000,0.8000,0.8000,0.9000,0.9000,0.8667,0.6000,0.9000,0.6000,0.5000,1.0000,0.4000,0.6000,0.7000,1.0000,1.0000,0.5000,0.6000,0.7333,0.5333,0.4000,0.9333,0.8000,0.6667,0.4545,0.8000,0.6667,0.5000,1.0000,0.4000,0.7000,0.6000,0.7333,0.8400,0.9920,0.8856,0.7800,0.9520,0.8316,0.8800,0.9920,0.9136,0.7200,0.9760,0.7968,0.9000,0.9680,0.9204,0.8400,0.9600,0.8760,0.8400,1.0000,0.8880,0.7200,0.9680,0.7944,0.8400,0.9920,0.8856,0.7600,0.9760,0.8248,0.8400,0.9920,0.8856,0.8200,0.9440,0.8572,0.7043,0.6649,0.6846,0.5846,0.7609,0.6389,0.6081,0.5981,0.7972,0.5000,0.8500,0.7500,0.6667,0.6369,0.6778,0.8300,0.8200,0.8400,0.8000,0.7800,0.7500,0.7000,0.8225,0.8033,0.8225,0.8033,0.8300,0.8600,0.8300,0.7700,0.8400,0.9200,48,62,212
7472,0.6500,0.3913,0.6818,0.6190,0.6250,0.4000,0.5200,0.6522,0.2353,0.7692,0.5000,0.2609,0.6154,0.5263,0.6000,0.8667,0.4706,0.6000,0.5500,0.5789,0.6842,0.7500,0.6667,0.7500,0.5000,0.4286,0.4000,0.6154,0.6667,0.4667,0.8182,0.7895,0.6667,0.8235,0.3750,0.7368,0.6471,0.7273,0.3529,0.7000,0.6154,0.6471,0.7059,0.8235,0.4211,0.3571,0.7500,0.2143,0.5000,0.6471,0.3889,0.5556,0.8235,0.2857,0.7143,0.7826,0.4444,0.3571,0.8421,0.7647,0.6471,0.6250,0.8125,0.5000,0.6563,0.7059,0.5000,0.3125,0.8421,0.6842,0.7368,0.3333,0.5294,0.5238,0.5000,0.6500,0.6875,0.8947,0.6842,0.5789,0.6000,0.5652,0.8000,0.3846,0.5333,0.7647,0.7619,0.5000,0.6500,0.5625,0.7059,0.8125,0.7059,0.8750,0.5000,0.7222,0.3810,0.7059,0.6500,0.6471,0.5000,0.5500,0.5263,0.4545,0.5263,0.6364,0.8182,0.6667,0.6667,0.8182,0.6923,0.5455,0.8000,0.9000,0.6087,0.6842,0.6087,0.8182,0.8750,0.8636,0.6154,,0.7368,0.7895,0.6129,0.4000,0.7059,0.7895,0.8095,0.7222,0.6667,0.5000,0.9000,0.5000,0.7000,0.9000,0.6000,0.4667,0.8000,0.7000,0.9000,0.8000,0.8000,0.8667,0.6667,0.6000,0.7000,0.5000,0.7000,0.3000,0.8000,0.4000,0.6667,0.9333,0.9333,0.5833,0.2727,0.3000,0.9167,0.6667,0.7000,0.4000,0.8000,0.6000,0.7333,0.7600,0.9920,0.8296,0.8400,1.0000,0.8880,0.9400,1.0000,0.9580,0.6600,1.0000,0.7620,0.7200,0.9920,0.8016,0.6000,0.9920,0.7176,0.8800,0.9920,0.9136,0.6200,0.9680,0.7244,0.7800,0.9760,0.8388,0.8400,0.9760,0.8808,0.6800,0.9760,0.7688,0.7600,0.9760,0.8248,0.5323,0.6132,0.5728,0.5372,0.6567,0.5942,0.6237,0.6865,0.7139,0.7667,0.6500,0.6000,0.6595,0.5427,0.7111,0.8500,0.6600,0.8800,0.7400,0.7700,0.8300,0.8000,0.7875,0.7883,0.7875,0.7883,0.8400,0.8600,0.7200,0.7300,0.9200,0.8700,48,71,225
7495,0.8500,0.6087,0.8182,0.7143,0.5417,0.7333,0.7600,0.6957,0.3529,0.7692,0.7500,0.7391,0.6923,0.7895,0.5333,0.6667,0.5294,0.7333,0.7000,0.8947,0.4211,0.6667,0.7500,0.5625,0.3571,0.6667,0.6000,0.7692,0.6000,0.7333,0.8182,0.8421,0.8333,0.7059,0.6250,0.5263,0.5882,0.5455,0.6471,0.7500,0.6923,0.6471,0.6471,0.7647,0.9474,0.5714,0.7500,0.5714,0.9167,0.7059,0.5556,0.6667,0.5294,0.4286,0.6786,0.8696,0.6111,0.7143,0.6316,0.7647,0.5882,0.8125,0.6250,0.5000,0.8125,0.7647,0.7000,0.6250,0.5263,0.6842,0.7368,0.4167,0.5882,0.6667,0.6429,0.6000,0.6250,0.6842,0.7368,0.6316,0.6500,0.6522,0.4667,0.5385,0.6000,0.9412,0.7619,0.7778,0.6000,0.5625,0.6471,0.5625,0.7059,0.8125,0.7857,0.3889,0.6190,0.5294,0.6500,0.4706,0.5833,0.6000,0.3684,0.6364,0.3684,0.6818,0.5909,0.6000,0.7917,0.4545,0.6154,0.3636,0.6667,0.6000,0.7826,0.6842,0.7826,0.7273,0.7500,0.7273,0.6923,0.5000,0.5789,0.7368,0.8065,0.4500,0.5882,,0.5238,0.5556,0.5556,0.4000,0.7000,0.5000,0.7000,0.9000,0.6000,0.7333,0.9000,0.9000,0.7000,0.5000,1.0000,0.9333,0.6667,0.4000,0.6000,0.8000,0.8000,0.7000,0.6667,0.4000,0.7333,0.6667,0.8667,0.5833,0.6364,0.8000,0.7500,0.8333,0.9000,0.4667,0.8000,0.5000,0.2667,0.8000,0.9840,0.8552,0.8000,0.9600,0.8480,0.8800,0.9920,0.9136,0.7000,0.9920,0.7876,0.7400,1.0000,0.8180,0.6200,0.9440,0.7172,0.8600,0.9840,0.8972,0.7600,0.9480,0.8164,0.7000,0.9520,0.7756,0.7000,0.9800,0.7840,0.8400,0.9760,0.8808,0.8000,0.9520,0.8456,0.6943,0.6362,0.6652,0.6756,0.7053,0.6670,0.6299,0.6131,0.7111,0.8000,0.5000,0.8000,0.6595,0.7311,0.5222,0.8300,0.6900,0.8600,0.7600,0.7400,0.7000,0.7000,0.7775,0.7633,0.7775,0.7633,0.8600,0.7300,0.7700,0.7500,0.8200,0.8600,49,68,219
7570,0.9000,0.7391,0.6364,0.9524,0.6667,0.6000,0.5600,0.6087,0.5882,0.3846,0.5625,0.6957,0.5385,0.7368,0.8000,0.7333,0.8824,0.8000,0.5500,0.6842,0.8421,0.5833,0.6667,0.3750,0.2143,0.5238,0.6000,0.4615,0.5333,0.6000,0.1818,0.5789,0.6667,0.5294,0.2500,0.5789,0.3529,0.4545,0.6471,0.5000,0.6154,0.5294,0.2941,0.7647,0.9474,0.5714,0.7500,0.4286,0.7500,0.6471,0.6111,0.8333,0.7059,0.4286,0.7500,0.9130,0.6111,0.2857,0.4211,0.7059,0.7059,0.4375,0.6250,0.1875,0.6563,0.4118,0.5000,0.6875,0.5263,0.3684,0.4211,0.5000,0.7647,0.6667,0.7143,0.3000,0.3750,0.4737,0.6316,0.6316,0.6500,0.5217,0.4000,0.3077,0.4667,0.6471,0.7143,0.5000,0.5000,0.5625,0.5294,0.6875,0.3529,0.4375,0.5000,0.5556,0.2857,0.5882,0.7500,0.7059,0.5000,0.5500,0.6842,0.3636,0.6842,0.5909,0.7273,0.6000,0.6250,0.6364,0.4615,0.5455,0.6667,0.6000,0.3913,0.4211,0.6087,0.7273,0.7917,0.7727,0.6154,0.3000,0.6316,0.6316,0.6452,0.4000,0.7059,0.6316,0.3810,0.4444,0.6111,0.7000,0.7000,0.8000,0.6000,0.6000,0.7000,0.2667,0.6000,0.7000,0.7000,0.4000,0.6000,1.0000,0.4667,0.5000,0.7000,0.5000,0.6000,0.5000,0.6000,0.5333,0.5333,0.6000,0.4667,0.2500,0.8182,0.5000,0.6667,0.5833,0.6000,0.4000,,0.9000,0.6000,0.7800,0.9920,0.8436,0.6600,1.0000,0.7620,0.7200,1.0000,0.8040,0.8200,1.0000,0.8740,0.7000,0.9920,0.7876,0.6600,0.9920,0.7596,0.7000,0.9920,0.7876,0.7000,0.9680,0.7804,0.7800,0.9760,0.8388,0.6200,0.9760,0.7268,0.5600,0.9760,0.6848,0.5800,0.9760,0.6988,0.6487,0.6455,0.6471,0.5487,0.5261,0.5746,0.5407,0.5815,0.6139,0.7334,0.6000,0.5500,0.4976,0.5947,0.7500,0.7200,0.7300,0.7000,0.6500,0.6000,0.6600,0.6000,0.7475,0.6767,0.7475,0.6767,0.7900,0.7500,0.7800,0.6700,0.7400,0.6000,49,61,206
7575,0.9000,0.6957,0.7273,0.7619,0.6667,0.7333,0.8400,0.6957,0.6471,0.6923,0.6875,0.6957,0.8077,0.8421,0.4667,0.8000,0.4706,0.5333,0.7500,0.8421,0.6316,0.9167,0.7500,0.4375,0.3571,0.7619,0.8000,0.4615,0.6000,0.6667,0.8182,0.7895,0.9444,0.8824,0.7500,0.7895,0.7059,0.7273,0.8824,0.9500,0.8462,0.7059,0.7059,1.0000,0.8421,0.5714,0.7500,0.3571,0.8333,0.7059,0.7222,0.7778,0.4118,0.6429,0.6429,0.8261,0.5556,0.6429,0.6842,0.7059,0.6471,0.6875,0.5000,0.6250,0.7500,0.6471,0.7000,0.6250,0.3158,0.5263,0.7368,0.6667,0.7059,0.4762,0.7857,0.7000,0.6250,0.7368,0.6316,0.7368,0.7500,0.6957,0.6667,0.5385,0.6667,0.9412,0.6667,0.8333,0.6500,0.6250,0.6471,0.6250,0.8235,0.8125,0.5714,0.5000,0.4762,0.5882,0.8500,0.5882,0.5833,0.5500,0.7368,0.7273,0.7368,0.7273,0.8182,0.7333,0.9167,0.8182,0.6923,0.3636,0.6667,0.9000,0.8696,0.5789,0.6957,0.7273,0.7083,0.7727,0.8462,0.7000,0.7368,0.8421,0.7742,0.5000,0.5882,0.7368,0.7143,0.6111,0.9444,0.7000,0.8000,0.7000,0.6000,0.7000,0.7000,0.8000,0.5000,0.9000,0.8000,0.8000,0.9000,0.9333,0.6667,0.9000,0.7000,0.7000,0.7000,0.7000,1.0000,0.4667,0.7333,0.7333,0.7333,0.7500,0.6364,0.6000,1.0000,0.8333,0.8000,0.4000,,0.9000,0.8000,0.9000,0.9920,0.9276,0.7400,1.0000,0.8180,0.8400,1.0000,0.8880,0.8400,1.0000,0.8880,0.8400,0.9920,0.8856,0.9000,0.9920,0.9276,0.9400,0.9920,0.9556,0.7200,0.9680,0.7944,0.8400,0.9760,0.8808,0.8800,0.9760,0.9088,0.8000,0.9760,0.8528,0.7600,0.9760,0.8248,0.7347,0.6584,0.6966,0.6321,0.8226,0.6381,0.6721,0.7245,0.7417,0.8000,0.8000,0.7000,0.7309,0.7116,0.8500,0.8300,0.8600,0.9400,0.8000,0.8200,0.8600,0.8600,0.8625,0.8517,0.8625,0.8517,0.9000,0.9000,0.8800,0.7700,0.9200,0.9100,49,64,228
7729,0.5000,0.4783,0.5000,0.3810,0.5833,0.8667,0.6000,0.5217,0.6471,0.5385,0.5625,0.5217,0.5769,0.8421,0.8000,0.7333,0.8824,0.7333,0.7500,0.6842,0.4737,0.5000,0.6667,0.4375,0.5714,0.4286,0.2000,0.7692,0.7333,0.5333,0.6364,0.7895,0.7222,0.7059,0.6250,0.7368,1.0000,0.8182,0.5882,0.8000,0.3846,0.8235,0.5294,0.8235,0.8421,0.6429,0.5833,0.5714,0.7500,0.7059,0.5000,0.7778,0.7647,0.6429,0.8571,0.6957,0.5000,0.5000,0.5789,0.7647,0.7647,0.7500,0.5625,0.7500,0.7500,0.4706,0.6500,0.5625,0.4737,0.4211,0.5263,0.5833,0.8235,0.6667,,,0.6250,0.6842,0.7368,0.5263,0.5000,,0.6667,0.5385,0.5333,0.7059,0.7143,0.8333,0.6000,0.6250,0.7059,0.5625,0.8235,0.6875,0.5000,0.7222,0.3333,0.8235,0.8500,0.7059,0.5833,0.7000,0.6842,0.6364,0.6842,0.8182,0.7727,1.0000,0.7083,0.7273,0.7692,0.4545,0.7333,0.6000,0.8696,0.6842,0.7826,0.7273,0.6667,0.8182,0.6923,0.7000,0.6842,0.6842,0.7097,0.5000,0.7059,0.7368,0.8095,0.5556,0.5000,0.7000,0.8000,0.6000,0.7000,0.6000,0.7000,0.3333,0.9000,0.8000,0.6000,0.6000,0.4000,0.6667,0.5333,0.4000,0.8000,0.5000,0.6000,0.6000,0.6000,0.6667,0.4667,0.9333,0.6000,,0.9091,0.4000,0.9167,1.0000,0.9000,0.6000,0.8000,0.9000,0.7333,0.6800,0.9920,0.7736,0.6000,0.9400,0.7020,0.6800,0.9520,0.7616,0.8600,0.9480,0.8864,0.8200,0.9920,0.8716,0.6800,0.9760,0.7688,0.7400,0.9840,0.8132,0.7400,0.9840,0.8132,0.7200,0.9560,0.7908,0.7400,0.9680,0.8084,0.8200,0.9840,0.8692,0.7400,0.9680,0.8084,0.5598,0.6541,0.6070,0.5590,0.7217,0.6353,0.6541,0.7038,0.6444,0.6000,0.6000,0.5500,0.6445,0.7876,0.8111,0.6500,0.7900,0.7400,0.7500,0.7900,0.9000,0.8600,0.8375,0.7700,0.8375,0.7700,0.9200,0.8700,0.7800,0.7800,0.8400,0.8000,48,65,235
7770,0.6000,0.7391,0.7273,0.7143,0.5000,0.6667,0.6400,0.6957,0.4706,0.6923,0.6250,0.7391,0.5385,0.6316,0.8000,0.6667,0.7059,0.7333,0.7500,0.5789,0.2105,0.5833,0.6667,0.5000,0.3571,0.6667,0.3000,0.3846,0.4000,0.4667,0.4545,0.7368,0.7222,0.4706,0.6250,0.5263,0.4706,0.5455,0.3529,0.8000,0.6154,0.5882,0.5882,0.8235,0.9474,,0.7500,0.2857,0.7500,0.5882,0.3889,0.5556,0.6471,0.5000,0.8929,0.6522,,0.5000,0.5263,0.8235,0.7059,0.6250,0.6875,0.6250,0.7188,0.4706,0.7000,0.4375,0.4737,0.4737,0.5263,0.5000,0.6471,0.6667,0.4286,0.5500,0.3750,,0.5789,0.5789,0.6000,0.7391,0.8000,0.4615,0.5333,0.8824,0.6190,0.6111,0.5500,0.6250,0.5294,0.6250,0.8235,0.8750,0.5000,0.3889,0.4762,0.6471,0.7000,0.5294,0.8333,0.6000,0.7368,0.6818,0.7368,0.5909,0.7273,0.6667,0.5417,0.8182,0.6923,0.4545,0.6667,0.7000,0.4783,0.6842,0.6522,0.6364,0.8333,0.6364,0.6923,0.9000,0.6842,0.5263,0.5161,0.3500,0.5882,0.5789,0.6667,0.5000,0.7222,0.6000,0.8000,0.7000,0.8000,0.8000,0.7000,0.6667,0.8000,0.5000,0.8000,0.6000,0.8000,0.7333,0.5333,0.5000,0.7000,0.6000,0.7000,0.6000,0.8000,0.5333,0.7333,0.8000,0.6667,0.8333,0.6364,0.7000,0.6667,0.4167,0.9000,,0.7000,0.8000,,0.8800,0.9840,0.9112,0.8000,0.9920,0.8576,0.9600,1.0000,0.9720,0.8400,1.0000,0.8880,0.7800,1.0000,0.8460,0.7800,0.9600,0.8340,0.8000,0.9920,0.8576,0.7200,0.9760,0.7968,0.7600,0.9760,0.8248,0.8400,0.9840,0.8832,0.9200,0.9840,0.9392,0.7400,0.9320,0.7976,0.6422,0.6039,0.6231,0.3878,0.6178,0.5960,0.6095,0.6420,0.7139,0.6333,0.6000,0.6500,0.7095,0.6640,0.7500,0.8800,0.8000,0.8000,0.8000,0.8000,0.7800,0.8000,0.8200,0.8100,0.8200,0.8100,0.8300,0.8700,0.7900,0.7900,0.8200,0.9000,42,64,234
7968,0.8000,0.6087,0.8636,0.7619,0.7500,0.9333,0.8400,0.5652,0.4706,0.6923,0.5625,0.8261,0.6154,0.7368,0.5333,0.9333,0.7059,0.9333,0.8500,0.8421,0.4737,0.9167,0.8333,0.3750,0.2143,0.6190,0.6000,0.6154,0.7333,0.6667,1.0000,0.7895,0.9444,0.8824,0.6250,0.7895,0.6471,0.9091,0.7647,0.9000,0.6154,0.8824,0.7647,0.8235,0.6842,0.7143,0.5833,0.7857,0.8333,0.8824,0.7778,0.8333,0.8235,0.4286,0.7500,0.8261,0.6111,0.7857,0.4737,0.6471,0.6471,0.6250,0.6875,0.6250,0.7500,0.5294,0.6000,0.7500,0.8421,0.6316,0.6316,0.7500,0.7647,0.4286,0.7857,0.5500,0.6875,0.4211,0.7368,0.5789,0.6000,0.6957,0.6000,0.5385,0.7333,0.8235,0.8571,0.7778,0.4500,0.6875,0.7647,0.8125,0.5294,0.8125,0.7143,0.5000,0.6190,0.8235,,0.5882,0.7500,0.7500,0.3684,0.7727,0.3684,0.6364,0.8182,0.7333,0.6667,0.5455,0.6923,0.6364,0.9333,0.5000,0.6522,0.7368,0.7826,0.8182,0.8333,0.8636,0.6923,0.7000,0.7368,0.8421,0.8710,0.6000,0.7647,0.9474,0.9524,0.7778,0.7222,0.8000,0.9000,0.9000,0.7000,0.8000,0.9000,0.6667,0.6000,0.6000,0.8000,0.5000,0.9000,0.8000,0.6000,0.5000,0.9000,0.8000,0.5000,0.8000,0.8000,0.6667,0.8000,0.7333,0.8000,,0.5455,0.8000,0.9167,0.5000,0.9000,0.7333,0.9000,0.6000,,0.9000,0.9760,0.9228,0.6400,0.9840,0.7432,0.7800,0.9840,0.8412,0.8800,0.9920,0.9136,0.8600,1.0000,0.9020,0.7600,0.9680,0.8224,0.8600,0.9560,0.8888,0.9000,0.9760,0.9228,0.8400,0.9760,0.8808,0.7000,0.9840,0.7852,0.7200,1.0000,0.8040,0.7600,0.9400,0.8140,0.7146,0.6897,0.7022,0.6539,0.8015,0.6952,0.6683,0.7238,0.7556,0.7000,0.7000,0.6500,0.7667,0.7326,0.7500,0.7700,0.8300,0.8600,0.7800,0.8500,0.7900,0.9000,0.8800,0.8133,0.8800,0.8133,0.9300,0.8900,0.8100,0.8900,0.8000,0.7100,50,74,236
7988,0.9000,0.6957,0.8182,0.9048,0.8750,0.7333,0.7200,0.6957,0.4706,0.6154,0.6250,0.7391,0.6154,0.8421,0.8667,1.0000,0.8235,0.7333,0.6500,0.6316,0.7368,0.7500,0.8333,0.6250,0.5000,0.5714,0.5000,0.6154,0.9333,0.6667,0.4545,0.9474,0.9444,0.7059,0.7500,0.8947,0.5294,0.4545,0.7647,0.9500,0.8462,0.7059,0.5882,0.7059,0.7368,0.5714,0.8333,0.5000,0.5833,0.5882,0.7222,0.7778,0.5294,0.5714,0.8571,0.7826,0.6667,0.7143,0.5789,0.7647,0.7059,0.5000,0.5625,0.5000,0.5938,0.4706,0.5500,0.7500,0.6842,0.5789,0.6316,0.7500,0.5882,0.6667,0.7857,0.4500,0.4375,0.6842,0.6316,0.7895,0.8000,0.6957,0.5333,0.5385,0.8000,0.7059,0.7143,0.6111,0.5000,0.6250,0.5882,0.6875,0.5882,0.7500,0.7143,0.6667,0.4762,0.5294,0.7000,0.5882,0.6667,0.6000,0.5789,0.5455,0.5789,0.5000,0.8636,0.8000,0.7083,0.3636,0.3077,0.5455,0.8000,0.8000,0.6957,0.6842,0.6957,0.6364,0.7083,,0.6154,0.7000,0.6316,0.4211,0.6452,0.5500,0.5882,0.6316,0.7143,0.7222,0.7778,0.7000,1.0000,0.8000,0.7000,0.9000,0.8000,0.6667,0.8000,0.7000,0.8000,0.7000,0.8000,0.8000,0.6667,0.5000,0.8000,0.8000,0.4000,0.4000,0.8667,0.5333,0.5333,0.8000,0.5333,0.7500,0.8182,0.7000,0.9167,0.7500,0.7000,0.3333,0.7000,0.8000,0.6667,0.9400,0.9920,0.9556,0.8000,0.9840,0.8552,0.9400,1.0000,0.9580,0.9000,1.0000,0.9300,0.8200,1.0000,0.8740,0.8200,0.9760,0.8668,0.9600,0.9840,0.9672,0.7800,0.9640,0.8352,0.8600,0.9840,0.8972,0.8000,0.9720,0.8516,0.9200,1.0000,0.9440,0.8800,0.9760,0.9088,0.7237,0.7357,0.7297,0.6789,0.7319,0.6373,0.6421,0.6348,0.7806,0.7334,0.6500,0.6000,0.6309,0.7030,0.7222,0.8900,0.8500,0.9600,0.8500,0.8300,0.7900,0.7800,0.8275,0.8617,0.8275,0.8617,0.8400,0.8100,0.8800,0.7800,0.8800,0.9400,52,69,238
7990,0.7500,0.6957,0.6818,0.4762,0.7500,0.8667,0.6000,0.5217,0.7647,0.8462,0.5625,0.6087,0.8462,0.6842,0.6000,0.6667,0.7059,0.7333,0.9000,0.5789,0.3158,0.8333,0.6667,0.5625,0.6429,0.5714,0.4000,0.5385,0.8000,0.4667,0.9091,0.6842,0.8889,0.8824,0.5000,0.7368,0.5882,0.7273,0.7059,0.9000,0.6154,0.7647,0.5882,0.9412,0.7368,0.7857,0.6667,0.6429,0.7500,0.5882,0.5556,0.8333,0.6471,0.3571,0.7857,0.8696,0.6111,0.2857,0.6842,0.6471,0.6471,0.6250,0.6250,0.7500,0.7500,0.4118,0.5000,0.5625,0.5263,0.5789,0.6316,0.4167,0.7059,0.6190,0.7857,0.7000,0.5000,0.6842,0.7368,0.5263,0.5500,0.6957,0.6000,0.6154,0.4667,0.8824,0.6667,0.6111,0.5000,0.8125,0.6471,0.6250,0.5882,0.8125,0.7143,0.6667,0.5238,0.5882,0.8500,0.4706,0.7500,0.5000,0.5263,0.7273,0.5263,0.7273,0.5909,0.7333,0.8333,0.4545,0.6923,0.9091,0.6667,0.7000,0.4783,0.6316,0.8261,0.7273,0.7500,0.9545,0.6154,0.7000,0.4737,0.6316,0.7742,0.6000,0.5882,0.6842,0.5714,0.7222,0.6111,0.8000,0.7000,0.8000,1.0000,1.0000,0.5000,0.8000,0.9000,0.7000,0.9000,0.5000,0.8000,0.7333,0.4667,0.7000,0.9000,0.9000,0.6000,0.8000,0.8667,0.6667,0.9333,0.8000,0.6667,0.9167,0.4545,0.6000,1.0000,0.9167,0.9000,0.2667,0.7000,0.5000,,0.8400,0.9840,0.8832,0.7800,0.9920,0.8436,0.8600,1.0000,0.9020,0.7400,1.0000,0.8180,0.8000,1.0000,0.8600,0.6400,0.9600,0.7360,0.7600,0.9920,0.8296,0.7600,0.9760,0.8248,0.6000,0.9760,0.7128,0.7400,0.9840,0.8132,0.7400,0.9840,0.8132,0.7200,0.9320,0.7836,0.6900,0.6509,0.6705,0.5513,0.7446,0.6276,0.6437,0.6642,0.7833,0.6000,0.8000,0.7500,0.8072,0.6897,0.6000,0.8300,0.7300,0.7600,0.7100,0.8100,0.7900,0.7000,0.8025,0.7717,0.8025,0.7717,0.8400,0.8200,0.8100,0.7400,0.7800,0.8600,47,72,231
8001,0.7000,0.5652,0.6364,0.5238,0.2917,0.6000,0.7200,0.4348,0.2353,0.3077,0.2500,0.4783,0.5000,0.4737,0.4667,0.7333,0.5294,0.6000,0.2000,0.5263,0.2105,0.7500,0.5000,0.4375,0.3571,0.5714,0.6000,0.5385,0.6000,0.4000,0.2727,0.5789,0.7222,0.6471,0.6250,0.7895,0.7059,0.2727,0.5882,0.7000,0.6923,0.6471,0.7059,0.4706,0.7895,0.4286,0.8333,0.5714,0.5833,0.5882,0.5556,0.5556,0.6471,0.5000,0.7143,0.6957,0.5556,0.2143,0.4737,0.4118,0.7647,0.6875,0.6250,0.6875,0.6875,0.3529,0.6500,0.8750,0.4737,0.4737,0.5789,0.4167,0.5294,0.4286,0.6429,0.7500,0.4375,0.7368,0.5263,0.4211,0.4500,0.4783,0.8000,0.3846,0.6000,0.5882,0.5238,0.3889,0.3000,0.6250,0.6471,0.5625,0.8235,0.3125,0.7143,0.2778,0.4762,0.5294,0.8500,0.5882,0.6667,0.5500,0.6316,0.6364,0.6316,0.5909,0.5909,0.8000,0.6667,0.3636,0.5385,0.3636,0.6667,0.4000,0.3913,0.6316,0.6957,0.7273,0.8333,0.6364,0.5385,0.6000,0.5789,0.6842,0.7097,0.5000,0.4706,0.7368,0.5238,0.6111,0.7222,0.5000,0.8000,1.0000,0.5000,0.6000,0.8000,0.8667,0.7000,0.4000,0.6000,0.3000,0.8000,0.6000,0.6000,0.6000,0.5000,0.5000,0.7000,0.5000,0.7333,0.4667,0.7333,0.6667,0.4000,0.5833,0.7273,0.6000,0.8333,0.6667,1.0000,0.6000,0.7000,0.4000,0.4000,0.7000,0.9840,0.7852,0.5200,0.9720,0.6556,0.6400,0.9760,0.7408,0.5400,0.9760,0.6708,0.5400,0.9680,0.6684,0.6000,0.9600,0.7080,0.6600,0.9920,0.7596,0.6200,0.8520,0.6896,0.6600,0.9680,0.7524,0.7800,0.9560,0.8328,0.6800,0.9840,0.7712,0.7400,1.0000,0.8180,0.4802,0.4889,0.4846,0.5346,0.6138,0.5840,0.5492,0.6007,0.6556,0.6000,0.5500,0.6000,0.5833,0.7379,0.5000,0.6200,0.5600,0.6600,0.7000,0.6400,0.6800,0.6400,0.6900,0.6433,0.6900,0.6433,0.7500,0.7200,0.6000,0.6900,0.7200,0.7000,49,56,184
8210,0.6500,0.6957,0.7727,0.7619,0.8750,0.8000,0.6800,0.9130,0.7647,0.7692,0.7500,0.8261,0.9615,0.6842,0.7333,0.8667,0.7647,0.8667,0.8000,0.7895,0.8947,0.9167,0.8333,0.5625,0.5714,0.7619,0.6000,0.6154,0.8667,0.9333,0.8182,1.0000,0.8889,0.9412,0.7500,0.7895,0.5294,0.8182,0.8235,0.9500,0.6154,0.9412,0.8235,0.8824,0.7368,0.7857,0.9167,0.7857,0.8333,0.5882,0.5556,0.7778,0.8824,0.8571,0.7500,0.8696,0.6111,0.5714,0.7368,0.7059,0.9412,0.7500,0.5625,0.5625,0.7500,,0.8000,0.8750,0.7368,0.5789,0.6316,0.5833,0.5882,0.4762,0.7857,0.6500,0.6250,,0.8421,0.6316,0.6500,0.7391,0.4667,0.6923,0.6000,0.8824,0.8095,0.8333,0.4500,0.8750,0.6471,0.8125,0.4706,0.9375,0.5000,0.7222,0.8095,0.6471,0.8500,0.5882,0.9167,0.9000,0.7895,0.8182,0.7895,0.7273,0.8636,0.9333,0.9167,0.5455,0.7692,0.4545,0.8000,0.6000,0.6522,0.5789,0.7391,0.6364,0.6667,0.7273,0.6923,0.6000,0.7368,0.8421,0.7097,0.6000,0.7059,0.7895,0.7143,0.8333,0.5000,0.8000,0.9000,0.8000,0.7000,1.0000,0.9000,0.8000,0.9000,0.8000,0.8000,0.7000,0.8000,0.8000,0.8000,0.9000,0.9000,1.0000,0.6000,0.7000,1.0000,0.6667,0.7333,0.6667,0.6667,0.5833,0.6364,0.6000,0.8333,0.9167,1.0000,0.2667,0.8000,0.6000,,0.9800,0.9760,0.9788,0.8600,0.9840,0.8972,0.9400,1.0000,0.9580,0.9600,1.0000,0.9720,0.9600,1.0000,0.9720,0.9000,0.9680,0.9204,0.9600,1.0000,0.9720,0.8400,0.9840,0.8832,0.8400,0.9920,0.8856,0.8400,0.9840,0.8832,0.8400,1.0000,0.8880,0.8000,0.9840,0.8552,0.7861,0.7727,0.7794,0.7539,0.8205,0.7366,0.6925,0.7211,0.8250,0.8000,0.9000,0.8000,0.7167,0.7089,0.7000,0.9300,0.9400,0.9600,0.8300,0.8300,0.8600,0.9400,0.9050,0.8917,0.9050,0.8917,0.9300,0.9500,0.9200,0.8200,0.8800,0.9800,60,90,244
8254,0.6500,0.6957,0.8182,0.8571,0.7917,0.8000,0.5600,0.6522,0.5882,0.6923,0.5000,0.6522,0.7308,0.5789,0.8000,0.8000,0.5294,0.8000,0.8500,0.7368,0.6842,0.5833,0.8333,0.7500,0.4286,0.6190,0.7000,0.9231,0.4000,0.6000,0.7273,0.9474,0.8889,0.6471,0.7500,0.6316,0.4118,0.7273,0.8235,0.9500,0.8462,0.8824,0.8235,1.0000,0.5789,0.6429,0.8333,0.9286,0.9167,0.4118,0.7222,0.7222,0.5882,0.5714,0.7857,0.7391,0.8333,0.7143,0.5263,0.7059,0.5882,0.6875,0.6250,0.6875,0.6563,0.4706,0.7000,0.7500,0.6316,0.4737,0.5789,0.6667,0.5882,0.6190,0.7143,0.6000,0.5000,0.6316,0.8421,0.6842,0.7000,0.7391,0.5333,0.4615,0.8000,0.7059,0.6190,0.7222,0.5500,0.6250,0.5294,0.5625,0.7059,0.6250,,0.5000,0.6667,0.6471,0.7000,0.5294,0.6667,0.6500,0.4737,0.6364,0.4737,0.5909,0.9091,0.8667,0.5417,0.5455,0.5385,0.4545,0.9333,0.8000,0.7826,0.7895,0.6957,0.7273,0.8333,0.8182,0.6154,0.6000,0.5263,0.7368,0.8387,0.6000,0.5882,0.7895,0.7143,0.7778,0.7778,0.7000,0.9000,0.5000,0.6000,0.6000,0.8000,0.4000,0.6000,0.7000,0.8000,0.5000,0.6000,0.4667,0.6000,0.6000,0.8000,0.8000,0.3000,0.4000,0.8000,0.4667,0.6000,0.6667,0.4000,0.7500,0.7273,0.8000,0.5833,1.0000,0.8000,0.2000,0.8000,0.3000,,0.8800,0.9840,0.9112,0.8000,0.9840,0.8552,0.9000,0.9920,0.9276,0.7800,0.9920,0.8436,0.8400,1.0000,0.8880,0.7800,0.9840,0.8412,0.8000,1.0000,0.8600,0.8200,0.9920,0.8716,0.6800,0.9760,0.7688,0.7600,0.9680,0.8224,0.8800,0.9920,0.9136,0.8000,1.0000,0.8600,0.6914,0.6918,0.6916,0.6558,0.7757,0.6727,0.6357,0.6875,0.6417,0.5334,0.7000,0.5500,0.5833,0.6851,0.5500,0.8600,0.8000,0.8000,0.7900,0.7900,0.8200,0.8000,0.8675,0.8100,0.8675,0.8100,0.9100,0.8900,0.8500,0.8200,0.8600,0.9200,50,77,236
8489,0.6500,0.3478,0.6818,0.7143,0.3750,0.5333,0.5200,0.5652,0.4706,0.6154,0.3750,0.7391,0.7692,0.7368,0.8000,0.6667,0.3529,0.6667,0.6500,0.5263,0.2105,0.3333,0.3333,0.4375,0.5000,0.2381,0.2000,0.4615,0.4667,0.2667,0.3636,0.7895,0.5000,0.4118,0.5000,0.5263,0.6471,,0.5294,0.4500,0.7692,0.7059,0.5294,0.6471,0.7368,0.3571,0.7500,0.5714,0.6667,0.4118,0.6111,0.5000,0.8235,0.4286,0.7143,0.5217,0.3889,0.4286,0.6842,0.5294,0.7059,0.6875,0.5625,0.3125,0.7188,0.5294,0.6000,0.6875,0.5789,0.4737,0.6842,0.5000,0.4706,0.6190,0.7857,0.3500,0.3750,0.5263,0.6316,0.5263,0.5500,0.5217,0.6667,0.5385,0.4000,0.7059,0.6190,0.6667,0.6000,0.7500,0.4706,0.6250,0.4118,0.6250,0.5714,0.6111,0.2381,0.7059,0.5500,0.3529,0.5833,0.3500,0.2105,0.2727,0.2105,0.5000,0.6818,0.4000,0.6667,0.3636,0.4615,0.6364,0.6000,0.5000,,0.4737,0.7826,0.6364,0.4583,0.8636,0.4615,0.4000,0.5789,0.6842,0.5484,0.1500,0.3529,0.4737,0.3333,0.5000,0.7222,0.2000,0.7000,0.8000,0.5000,0.7000,0.7000,0.8000,0.9000,0.5000,0.5000,0.5000,0.9000,0.6000,0.5333,0.3000,,1.0000,0.4000,0.6000,0.3333,,0.8000,0.9333,0.4000,0.5833,0.5455,0.6000,0.9167,0.5000,0.7000,0.7333,,0.5000,0.6000,0.7200,0.9640,0.7932,0.6200,0.9600,0.7220,0.8200,0.9920,0.8716,0.6200,0.9520,0.7196,0.7000,0.9400,0.7720,0.6800,0.9680,0.7664,0.7200,0.9760,0.7968,0.6400,0.9120,0.7216,0.6800,0.9520,0.7616,0.7400,0.9200,0.7940,0.8600,0.9920,0.8996,0.7000,0.9520,0.7756,0.5659,0.4963,0.5311,0.3487,0.5790,0.5742,0.5516,0.4922,0.6417,0.5667,0.3000,0.7000,0.6083,0.6659,0.5500,0.7200,0.6700,0.7200,0.7200,0.6700,0.7400,0.6800,0.7200,0.7067,0.7200,0.7067,0.7200,0.7300,0.6900,0.7400,0.7400,0.6800,47,58,214
8500,0.8500,0.6522,0.8182,0.6667,0.8333,0.6667,0.7200,0.6522,0.4118,0.5385,0.5625,0.7391,0.8846,0.7895,0.7333,1.0000,0.8235,0.6000,0.8000,0.7895,0.7368,0.8333,0.6667,0.6875,0.5000,0.7619,0.5000,0.7692,0.9333,0.5333,0.9091,0.8421,1.0000,0.9412,0.7500,0.8421,0.4706,0.9091,0.9412,0.9500,0.9231,0.8235,0.9412,0.8824,0.9474,0.6429,0.8333,0.7857,0.8333,0.7059,0.8889,0.7778,0.8235,0.7143,0.7857,0.8261,0.5556,0.8571,0.8421,0.7647,0.9412,0.8125,0.6875,0.5625,0.8438,0.8235,0.9000,0.8125,0.6842,0.8421,0.6842,0.5000,0.5294,0.5714,0.6429,0.8500,0.8125,0.7368,0.7895,0.7368,0.7500,0.7826,0.6667,0.6154,0.8000,0.7647,0.7619,0.8333,0.6500,0.6250,0.6471,0.7500,0.7059,0.8750,0.8571,0.6667,0.5714,0.8824,,0.2941,0.8333,0.6000,0.5789,0.8182,0.5789,0.6818,0.8182,0.8000,0.7917,0.3636,0.8462,0.6364,0.8000,0.7000,0.8261,0.5789,0.7826,0.8182,0.8750,0.8636,0.6154,0.6000,0.6842,0.8421,0.8065,0.5000,0.7059,0.6316,0.7619,,0.8889,0.7000,0.9000,1.0000,0.8000,0.9000,0.8000,0.8000,0.9000,0.8000,0.8000,0.4000,0.9000,0.8667,0.9333,0.4000,1.0000,0.9000,0.7000,0.8000,0.9333,0.8000,1.0000,0.8000,0.8000,0.7500,0.9091,0.4000,0.8333,0.9167,0.9000,0.7333,0.8000,0.8000,,0.8000,0.9760,0.8528,0.7800,0.9840,0.8412,0.9400,0.9840,0.9532,0.8400,0.9920,0.8856,0.7800,1.0000,0.8460,0.8600,0.9680,0.8924,0.9400,0.9560,0.9448,0.8000,0.9760,0.8528,0.9000,0.9760,0.9228,0.8800,0.9840,0.9112,0.8600,1.0000,0.9020,0.8200,0.9400,0.8560,0.6920,0.7478,0.7199,0.6840,0.8715,0.7781,0.7070,0.7171,0.8083,0.9000,0.7000,0.8000,0.8405,0.7821,0.8000,0.8400,0.8300,0.9400,0.8500,0.8500,0.8400,0.7800,0.8625,0.8583,0.8625,0.8583,0.8800,0.8800,0.7900,0.9000,0.9200,0.9500,48,90,238
8550,0.7500,0.6522,0.7273,0.8095,0.7083,0.8000,0.8400,0.5217,0.5294,0.6154,0.4375,0.6957,0.7308,0.6842,0.8667,0.8000,0.7059,0.8000,0.5000,0.6316,0.3158,0.6667,0.7500,0.6250,0.5714,0.3810,0.5000,0.4615,0.6667,0.4667,0.4545,0.8947,0.5556,0.4118,0.6250,0.7368,0.5882,0.6364,0.6471,0.6500,0.6154,0.5882,0.4118,0.8235,0.4737,0.7143,0.6667,0.2857,0.4167,0.8235,0.6111,0.6111,0.7647,0.5000,0.8571,0.7391,0.5000,0.6429,0.6842,0.5882,0.7647,,0.3750,0.5000,0.7188,0.4706,0.5500,0.5000,0.5789,0.7368,0.5263,0.4167,0.8824,0.6190,0.7857,0.6000,0.5625,0.6316,0.7368,0.5789,0.6000,0.5652,0.6667,0.5385,0.8000,0.6471,0.8095,0.5000,0.4500,0.8125,0.7059,0.7500,0.7647,0.6250,,0.7778,0.6190,0.8235,0.7000,0.6471,0.8333,0.6000,0.5263,0.6818,0.5263,0.7273,0.8182,0.7333,0.6250,0.2727,0.4615,0.2727,0.7333,0.8000,0.6087,0.3684,0.6522,0.7273,0.8333,0.8636,0.6923,0.8000,0.4737,0.5789,0.6774,0.5500,0.5882,0.6842,0.5714,0.6111,0.8333,0.8000,1.0000,0.9000,0.7000,0.8000,0.7000,0.8000,0.4000,0.8000,0.7000,0.3000,1.0000,0.7333,,0.5000,0.7000,1.0000,0.8000,0.6000,0.6667,0.4667,1.0000,0.5333,,0.8333,0.6364,0.6000,0.9167,0.4167,0.9000,0.6667,,0.5000,,0.8800,0.9760,0.9088,0.7600,0.9840,0.8272,0.8200,0.9840,0.8692,0.8200,0.9920,0.8716,0.9200,1.0000,0.9440,0.7000,0.9680,0.7804,0.8400,0.9560,0.8748,0.7000,0.9760,0.7828,0.8000,0.9760,0.8528,0.7400,0.9840,0.8132,0.7600,1.0000,0.8320,0.8600,0.9400,0.8840,0.6783,0.6383,0.6583,0.5237,0.6075,0.6051,0.6707,0.6297,0.7417,0.7333,0.6000,0.9000,0.6833,0.6894,0.5000,0.8200,0.8100,0.8400,0.7700,0.8100,0.8300,0.6600,0.8225,0.8133,0.8225,0.8133,0.8500,0.8500,0.8000,0.7900,0.8600,0.8100,38,72,232
8562,0.8500,0.6087,0.8636,0.7143,0.7500,0.7333,0.8800,0.7826,0.5882,0.9231,0.7500,0.6087,0.8462,0.5789,0.8667,0.8667,1.0000,0.8667,0.7500,0.6842,0.6316,0.9167,0.6667,0.4375,0.2857,0.5238,0.5000,0.5385,0.8000,0.5333,0.6364,0.7895,0.7778,0.7647,0.6250,0.8421,0.7647,0.6364,0.4118,0.6500,0.6923,0.5882,0.6471,0.8235,0.8947,0.7143,0.7500,,0.5833,0.5882,0.4444,0.7778,0.7647,0.5714,0.7857,0.6957,0.6111,0.3571,0.6316,0.7647,0.6471,0.6875,0.6250,0.6875,0.6875,0.6471,0.5000,0.6875,0.6316,0.5789,0.4737,0.3333,0.6471,0.5714,0.5714,0.4500,0.7500,0.7895,0.7368,0.7895,0.8000,0.7826,0.6667,0.6923,0.8000,0.7647,0.7143,0.6111,0.4500,0.8125,0.4706,0.6875,0.7059,0.8750,0.7143,0.5556,0.4286,0.9412,0.5500,0.5294,0.7500,0.6500,0.5263,0.8182,0.5263,0.5455,0.5909,0.9333,0.7500,0.6364,0.6923,0.6364,0.6667,0.7000,0.6087,0.5263,0.6957,0.8182,0.8750,0.8182,0.6154,0.4000,0.5263,0.6842,0.7097,0.5500,0.5882,0.5263,0.6190,0.8333,0.6111,0.7000,1.0000,0.9000,0.9000,0.4000,0.8000,0.6667,0.7000,0.9000,0.9000,0.6000,0.8000,0.8667,0.6000,0.4000,0.7000,0.8000,0.4000,0.6000,0.8000,0.7333,0.5333,0.8667,0.7333,0.6667,0.5455,0.8000,0.8333,0.9167,0.8000,0.6000,0.8000,0.7000,0.7333,0.9000,0.9920,0.9276,0.8000,0.9840,0.8552,0.9400,1.0000,0.9580,0.9400,1.0000,0.9580,0.8600,1.0000,0.9020,0.8400,0.9760,0.8808,0.9400,0.9840,0.9532,0.8000,0.9640,0.8492,0.8000,0.9840,0.8552,0.7600,0.9720,0.8236,0.9000,1.0000,0.9300,0.8400,0.9760,0.8808,0.7614,0.6981,0.7298,0.5930,0.7029,0.6357,0.6647,0.6559,0.7722,0.7334,0.5500,0.6000,0.7048,0.7493,0.7444,0.8800,0.8800,0.9400,0.8200,0.8200,0.8000,0.8400,0.8600,0.8567,0.8600,0.8567,0.8900,0.9000,0.8400,0.8100,0.8400,0.8900,51,76,242
8869,0.9000,0.7391,0.8636,0.4762,0.6250,0.8000,0.6400,0.7391,0.5882,0.5385,0.6250,0.7391,0.6923,0.9474,0.6667,0.8667,0.6471,0.8000,0.6000,0.6316,0.5789,0.8333,0.6667,0.5625,0.3571,0.5714,0.7000,0.6154,0.6000,0.4000,0.6364,0.7895,0.8333,0.7059,0.6250,0.5263,0.5882,0.7273,0.5294,0.8000,0.8462,0.6471,0.6471,0.7647,0.6842,0.5714,0.6667,0.4286,0.7500,0.7647,0.7222,0.7222,0.5294,0.6429,0.8214,0.7826,0.4444,0.4286,0.7368,0.7059,0.8824,0.7500,0.6250,0.8125,0.7188,0.7647,0.6000,0.6875,0.5263,0.4737,0.6316,0.6667,0.7059,0.6667,0.5000,0.5500,0.6250,0.7895,0.5789,0.8947,0.9000,0.6087,0.6667,0.7692,0.6000,0.8235,0.7619,0.7778,0.6000,0.6875,0.8824,0.6875,0.6471,0.8125,0.6429,0.6111,0.7143,0.7647,0.7000,0.5882,0.4167,0.9000,0.7368,0.5909,0.7368,0.6364,0.7273,0.8000,0.7500,0.6364,0.6923,0.4545,0.8667,0.8000,0.7391,0.7368,0.6957,0.7273,0.8333,0.8636,0.6154,0.8000,0.5789,0.8421,0.7419,0.6500,0.6471,0.7895,0.7143,0.8333,0.6111,0.7000,1.0000,0.7000,0.9000,1.0000,0.7000,0.8000,0.7000,0.6000,0.7000,0.6000,1.0000,0.9333,0.7333,0.7000,0.7000,0.7000,0.6000,0.6000,0.8000,0.6000,0.9333,0.8667,0.6000,0.9167,0.7273,0.6000,,0.8333,0.9000,0.7333,0.8000,0.7000,0.8000,0.9200,0.9920,0.9416,0.8600,0.9840,0.8972,0.9200,1.0000,0.9440,0.8400,1.0000,0.8880,0.8800,1.0000,0.9160,0.8000,0.9760,0.8528,0.8400,0.9840,0.8832,0.8000,0.9640,0.8492,0.8200,0.9840,0.8692,0.8600,0.9720,0.8936,0.9000,1.0000,0.9300,0.8200,0.9760,0.8668,0.6897,0.6715,0.6806,0.5789,0.6900,0.6612,0.6880,0.7249,0.7833,0.8333,0.7000,0.6500,0.7595,0.7588,0.7667,0.9000,0.8400,0.8400,0.8400,0.8200,0.8500,0.8000,0.8675,0.8483,0.8675,0.8483,0.9100,0.9100,0.8000,0.8500,0.8800,0.8700,56,86,255
8929,0.9500,0.7391,0.8182,0.7143,0.8750,0.7333,0.8400,0.8261,0.5294,0.6154,0.5000,0.8696,0.7308,0.6316,0.9333,0.8667,0.8824,0.7333,0.7000,0.5263,0.6842,0.8333,0.6667,0.7500,0.5000,0.5714,0.5000,0.6154,0.5333,0.5333,0.6364,0.8947,0.7778,0.7647,0.7500,0.7895,0.5294,0.5455,0.7059,0.8500,0.9231,0.9412,0.7647,0.6471,0.8421,,0.5833,0.5000,0.5833,0.6471,0.7222,0.7778,0.7647,0.5714,0.7143,0.6522,0.6667,0.6429,0.7895,0.8235,,0.7500,0.6250,0.5625,0.7813,,0.7000,0.6875,0.6316,0.6316,0.6842,0.6667,0.7647,0.8095,0.7143,0.7500,0.6250,0.7895,0.6316,0.7895,0.8000,0.6522,0.5333,0.6923,0.6667,0.7647,0.7619,0.6667,0.7500,0.8125,0.5294,0.6250,0.5294,0.8125,0.5714,0.6111,0.7143,0.8824,0.8000,0.5294,0.8333,0.7000,0.5263,0.7727,0.5263,0.5455,0.5909,0.6000,0.7500,0.5455,0.4615,0.3636,0.8667,0.7000,0.7391,0.5263,0.4783,0.5455,0.7500,0.7727,0.4615,0.6000,0.6842,0.8421,0.6452,0.6000,0.4118,0.7895,0.7619,0.6667,0.7222,0.7000,1.0000,0.7000,0.8000,0.8000,0.6000,0.8000,0.8000,0.9000,0.9000,0.9000,1.0000,0.8000,0.7333,0.7000,0.7000,0.9000,0.7000,0.5000,0.8000,0.6667,0.8000,0.8667,0.7333,0.8333,0.9091,0.7000,0.8333,0.7500,0.9000,0.5333,,0.4000,,0.9000,0.9840,0.9252,0.8400,0.9600,0.8760,0.9400,0.9920,0.9556,0.9200,0.9920,0.9416,0.8800,1.0000,0.9160,0.7600,0.9440,0.8152,0.9200,0.9840,0.9392,0.9200,0.9480,0.9284,0.7800,0.9520,0.8316,0.8800,0.9800,0.9100,0.9000,0.9760,0.9228,0.7200,0.9520,0.7896,0.7493,0.7138,0.7316,0.5455,0.7575,0.6736,0.7026,0.6315,0.8250,0.7667,0.7000,0.8000,0.7429,0.7710,0.4000,0.8900,0.8500,0.9200,0.8400,0.8000,0.8000,0.7200,0.9150,0.8500,0.9150,0.8500,0.9400,0.9300,0.9300,0.8600,0.8600,0.9400,58,96,245
9000,0.8000,0.7391,0.6818,0.6190,0.7083,0.9333,0.7600,0.7391,0.4118,0.8462,0.5625,0.4783,0.6538,0.7368,0.6667,0.8667,0.5294,0.8000,0.8000,0.6316,0.4211,1.0000,0.7500,0.7500,0.5714,0.5714,0.5000,0.4615,0.5333,0.4667,0.4545,1.0000,0.7222,0.7059,0.3750,0.6842,0.7059,0.7273,0.6471,0.8000,0.6923,0.6471,0.4118,0.8824,0.6842,0.3571,0.6667,0.6429,0.5000,0.4706,0.7222,0.5556,0.7059,0.3571,0.7500,0.6522,0.3889,0.5000,0.4737,0.8824,0.5294,0.6250,0.6250,0.6875,0.7188,,0.6500,0.5000,0.6842,0.3684,0.5263,0.4167,0.4706,0.4762,0.2857,0.4500,0.6250,0.6316,0.6316,0.7368,0.7500,0.5217,0.6000,0.3846,0.4667,0.5882,0.5714,0.6111,0.3500,0.5625,0.4706,0.5000,0.5294,0.7500,0.6429,0.4444,0.2381,0.7059,0.6000,0.3529,0.7500,0.4000,0.3158,0.3182,0.3158,0.4545,0.7727,0.6667,0.4167,0.4545,0.4615,0.6364,0.6667,0.6000,0.6522,0.6842,0.7391,0.8182,0.8333,0.6818,0.6154,0.9000,0.5789,0.6316,0.5806,0.5500,0.3529,0.6316,0.7143,0.2778,0.5556,0.8000,0.9000,0.6000,0.6000,0.8000,0.6000,0.6000,0.8000,0.5000,0.5000,0.4000,1.0000,0.8667,0.8000,0.4000,,0.7000,0.9000,0.7000,0.7333,0.2667,0.6667,0.6667,0.6000,0.5833,0.6364,0.3000,0.9167,0.5000,0.8000,0.3333,,0.6000,0.7333,0.8800,0.9760,0.9088,0.7200,0.9840,0.7992,0.8200,1.0000,0.8740,0.8400,0.9840,0.8832,0.8400,0.9840,0.8832,0.7400,0.9840,0.8132,0.7600,0.9760,0.8248,0.6600,0.9840,0.7572,0.8200,0.9920,0.8716,0.7000,0.9760,0.7828,0.7400,0.9760,0.8108,0.7800,0.9840,0.8412,0.6872,0.6996,0.6934,0.4904,0.6760,0.5816,0.5372,0.5759,0.6750,0.8334,0.4000,0.8000,0.6024,0.5811,0.6667,0.8100,0.8100,0.7600,0.7400,0.7700,0.7400,0.6000,0.7900,0.7717,0.7900,0.7717,0.8100,0.8000,0.7800,0.7700,0.7800,0.8800,43,70,216
9041,0.9000,0.6957,0.7727,0.7619,0.7500,0.7333,0.6800,0.4783,0.4706,0.5385,0.5000,0.6957,0.5385,0.6316,0.6667,0.8667,0.7647,0.8000,0.6500,0.7368,0.5263,0.6667,0.7500,0.5625,0.5000,0.5238,0.4000,0.6154,0.6667,0.4667,0.4545,0.7895,0.6111,0.5294,0.5000,0.7368,0.7647,0.5455,0.4706,0.8500,0.5385,0.6471,0.7647,0.7059,0.7368,0.5714,0.4167,0.5714,0.6667,0.6471,0.7778,0.5556,0.6471,0.3571,0.8214,0.6522,0.7222,0.6429,0.6842,0.6471,0.5294,0.6250,0.6250,0.3750,0.6563,0.7059,0.5500,0.5625,0.5263,0.6316,0.5263,0.5000,0.8235,0.5238,0.5000,0.4500,0.5000,0.6842,0.7895,0.7368,0.7500,0.6957,0.7333,0.3846,0.6667,0.6471,0.5238,0.6111,0.5500,0.3750,0.5882,0.6875,0.6471,0.6875,0.7857,0.3333,0.5714,0.5882,0.7500,0.4118,0.6667,0.5000,0.3684,0.5000,0.3684,0.6364,0.7273,0.5333,0.4583,0.6364,0.4615,0.3636,0.8667,0.7000,0.6522,0.6316,0.8261,0.6364,0.7500,0.9545,0.6923,0.5000,0.5263,0.8421,0.7742,0.4500,0.6471,0.4211,0.4762,0.5556,0.7222,0.8000,0.9000,0.8000,0.6000,0.8000,0.5000,0.8667,0.6000,0.5000,0.7000,0.6000,0.6000,0.8000,0.5333,0.5000,0.9000,0.4000,0.4000,0.5000,0.7333,0.6667,0.7333,0.6000,0.4000,0.7500,0.8182,0.7000,0.8333,0.4167,0.5000,0.4000,0.7000,0.5000,,0.8600,0.9680,0.8924,0.7800,0.9680,0.8364,0.7200,0.9920,0.8016,0.8000,0.9680,0.8504,0.7000,0.9920,0.7876,0.7200,0.9920,0.8016,0.6200,1.0000,0.7340,0.8400,0.9680,0.8784,0.7200,0.9240,0.7812,0.7600,0.9400,0.8140,0.6600,0.9920,0.7596,0.7800,0.9600,0.8340,0.6550,0.6651,0.6600,0.5372,0.6430,0.6036,0.6054,0.6059,0.6889,0.6667,0.7000,0.4000,0.6262,0.6114,0.6000,0.7900,0.7400,0.6200,0.7500,0.7800,0.7800,0.7400,0.8100,0.7433,0.8100,0.7433,0.8500,0.8200,0.8400,0.7300,0.8400,0.7700,51,71,221
9180,0.8500,0.6087,0.8636,0.8095,0.7500,0.7333,0.6400,0.6522,0.5882,0.7692,0.6250,0.4783,0.8462,0.6842,0.8000,0.8000,0.7647,0.7333,0.7000,0.5263,0.4737,0.9167,0.6667,0.5000,0.2857,0.6667,0.4000,0.5385,0.8000,0.5333,0.6364,0.8421,0.8889,0.5882,0.5000,0.6842,0.6471,0.9091,0.5882,0.8500,0.6154,0.7059,0.8235,0.8235,0.8421,0.7143,0.7500,0.6429,0.5000,0.5882,0.6111,0.7222,0.5882,0.3571,0.7143,0.7391,0.5000,0.5000,0.5263,0.7647,0.7647,0.6875,0.7500,0.5625,0.7813,0.4118,0.7000,0.5625,0.3684,0.5789,0.6316,0.5833,0.5882,0.6667,0.6429,0.5500,0.5000,0.7368,0.7895,0.6842,0.7000,0.6957,0.8000,0.5385,0.6000,0.6471,0.5714,0.7222,0.5500,0.6875,0.8235,0.7500,0.7647,0.8125,0.6429,0.7222,0.3333,0.6471,0.7000,0.4706,0.5833,0.7500,0.5789,,0.5789,0.5909,0.8182,0.6667,0.7917,0.5455,0.3846,0.3636,0.8000,0.8000,0.6522,0.6316,0.7391,0.6364,0.7917,0.7273,,0.5000,0.6316,0.6842,0.8065,0.2000,0.6471,0.4737,0.5714,0.5556,0.5000,0.9000,0.7000,0.8000,0.8000,0.5000,0.7000,0.6667,0.5000,0.8000,0.7000,0.7000,1.0000,0.6667,0.5333,0.5000,0.7000,0.6000,0.6000,0.7000,0.8000,0.5333,0.5333,0.8667,0.7333,0.6667,0.8182,0.7000,1.0000,0.4167,0.8000,,0.7000,0.7000,,0.8000,0.9640,0.8492,0.8000,0.9600,0.8480,0.8800,0.9920,0.9136,0.7600,0.9520,0.8176,0.8400,0.9400,0.8700,0.6800,0.9680,0.7664,0.9000,0.9760,0.9228,0.7200,0.9120,0.7776,0.6800,0.9520,0.7616,0.7600,0.9200,0.8080,0.8600,0.9920,0.8996,0.6600,0.9520,0.7476,0.7088,0.6552,0.6820,0.5680,0.7296,0.6161,0.6501,0.6221,0.7306,0.6000,0.6000,0.6000,0.6905,0.7470,0.7000,0.8300,0.7600,0.9000,0.7400,0.8400,0.8300,0.7200,0.8125,0.8167,0.8125,0.8167,0.8500,0.8500,0.8000,0.7500,0.7800,0.9000,43,64,220
9374,0.8500,0.6087,0.7273,0.5714,0.7500,0.7333,0.7600,0.7826,0.2941,0.5385,0.4375,0.6087,0.6154,0.7368,0.6000,0.7333,0.5294,0.6667,0.6500,0.6316,0.4211,0.6667,0.7500,0.2500,0.3571,0.5238,0.3000,0.6923,0.6000,0.4667,0.2727,0.7368,0.8889,0.5294,0.2500,0.7368,0.4118,0.7273,0.5882,0.7500,0.4615,0.7059,0.5882,0.5294,0.7895,0.5000,0.3333,0.6429,0.8333,0.6471,0.7222,0.5000,0.6471,0.4286,0.7500,0.9130,0.3889,0.5000,0.6842,0.6471,0.5294,0.7500,0.3750,0.6250,0.5938,,0.5000,0.5625,0.4211,0.3684,0.5263,0.5833,0.7059,0.4286,0.7143,0.6500,0.5625,0.7368,0.6842,0.5263,0.5500,0.7826,0.4667,0.3846,0.6000,0.7647,0.6190,0.4444,0.4500,0.7500,0.5882,0.3750,0.6471,0.6250,0.6429,0.7222,0.2857,0.8235,0.6500,0.4706,0.7500,0.5000,0.5263,0.5000,0.5263,0.4091,0.5909,0.6000,0.7500,0.5455,0.6154,0.5455,0.8000,1.0000,0.5652,0.5263,0.6522,0.5455,0.7083,0.7727,0.6154,0.3000,0.6316,0.6316,0.7742,0.5000,0.3529,0.4737,0.6667,0.4444,0.3889,0.8000,0.7000,0.9000,0.6000,0.8000,0.7000,0.9333,0.8000,0.8000,0.8000,0.8000,0.9000,0.8000,,0.7000,1.0000,0.9000,1.0000,0.5000,0.8667,0.6000,0.9333,0.7333,0.5333,0.5833,0.6364,0.9000,0.6667,0.9167,1.0000,0.8000,0.8000,0.8000,0.8000,0.8000,0.9760,0.8528,0.7400,0.9680,0.8084,0.7800,0.9760,0.8388,0.6800,0.9480,0.7604,0.7400,0.9840,0.8132,0.6400,0.9560,0.7348,0.7600,0.9920,0.8296,0.6800,0.9600,0.7640,0.7200,0.9440,0.7872,0.5600,0.9840,0.6872,0.7200,0.9840,0.7992,0.7000,0.9760,0.7828,0.6367,0.5782,0.6075,0.5148,0.5978,0.5756,0.5995,0.5820,0.7944,0.8000,0.8500,0.9500,0.6786,0.8200,0.8000,0.7700,0.6900,0.7600,0.6800,0.6700,0.6800,0.6600,0.7425,0.7083,0.7425,0.7083,0.8200,0.7600,0.6800,0.7100,0.7000,0.7200,42,64,229
9405,0.7000,0.5652,0.7273,0.6190,0.5833,0.5333,0.6400,0.5652,0.5294,0.4615,0.5625,0.5652,0.6154,0.5789,0.5333,0.8000,0.5882,0.6000,0.4000,0.4737,0.2105,0.7500,0.6667,0.6250,0.2143,0.4286,0.2000,0.3846,0.6000,0.4000,0.3636,0.6842,0.5000,0.7059,0.8750,0.5263,0.5294,0.2727,0.3529,0.7500,0.5385,0.5294,0.2941,0.8824,0.7368,0.6429,0.4167,0.6429,0.6667,0.7059,0.5556,0.7778,0.7647,0.7143,0.7857,0.5652,0.4444,0.6429,0.6316,0.7059,0.5294,0.6250,0.5625,0.5625,0.6875,0.5294,0.6500,0.6250,0.6316,0.5789,0.4211,0.4167,0.5294,0.4286,0.5000,0.5500,0.4375,0.6842,0.6316,0.6842,0.7000,0.4783,0.3333,0.4615,0.4000,0.7059,0.7619,0.7222,0.5500,0.6875,0.7059,0.6875,0.7059,0.8750,0.5714,0.6111,0.1905,0.5294,0.7500,0.5882,0.6667,0.4000,0.4737,0.1818,0.4737,0.5455,0.5909,0.4000,0.6667,0.4545,0.3846,0.4545,0.8667,0.7000,0.6522,0.6316,0.6087,0.5455,0.7083,0.7273,0.6154,0.5000,0.7368,0.7368,0.7097,0.1500,0.5882,0.6842,0.7619,0.5556,0.5556,0.9000,0.8000,0.7000,0.6000,0.6000,0.7000,0.4000,0.7000,0.5000,0.7000,0.4000,0.9000,0.6000,0.5333,0.7000,0.7000,0.8000,0.6000,0.8000,,0.4000,0.7333,0.8000,0.6000,0.6667,0.4545,0.8000,0.8333,0.4167,0.8000,0.4667,0.6000,0.6000,0.7333,0.8400,0.9680,0.8784,0.6200,0.9840,0.7292,0.7600,1.0000,0.8320,0.8800,0.9920,0.9136,0.7600,0.9840,0.8272,0.7200,1.0000,0.8040,0.8000,0.9840,0.8552,0.7200,1.0000,0.8040,0.7400,0.9560,0.8048,0.7600,0.9840,0.8272,0.7400,0.9560,0.8048,0.8000,0.9760,0.8528,0.5898,0.5284,0.5591,0.3962,0.5694,0.6179,0.5848,0.5687,0.6583,0.5667,0.7000,0.7000,0.6667,0.6285,0.6444,0.7400,0.7900,0.8000,0.7500,0.8000,0.7700,0.6800,0.8075,0.7750,0.8075,0.7750,0.7900,0.8000,0.8100,0.8300,0.8800,0.8700,42,65,221
9433,0.7000,0.6087,0.7273,0.8095,0.6250,0.7333,0.7600,0.4783,0.3529,0.4615,0.4375,0.4348,0.8462,0.7895,0.4000,0.9333,0.4706,0.6667,0.4500,0.6316,0.3684,0.6667,0.4167,0.6250,0.3571,0.4762,0.3000,0.4615,0.6000,0.2667,0.4545,0.7368,0.7778,0.4706,0.5000,0.5263,0.4118,0.4545,0.6471,0.6000,0.4615,0.7647,0.5294,0.7647,0.6316,0.5714,0.5833,0.4286,0.6667,0.4706,0.5000,0.6111,0.4706,0.4286,0.8571,0.6087,0.4444,,0.5263,0.7647,0.6471,0.5625,0.8125,0.5625,0.6875,0.3529,0.5500,0.5625,0.5263,0.4737,0.4737,0.3333,0.3529,0.4286,0.3571,0.3000,0.3750,0.6316,0.5263,0.7368,0.7500,0.6522,0.4000,0.4615,0.6000,0.5882,0.4762,0.6111,0.5000,0.5000,0.5882,0.4375,0.5882,0.7500,0.5000,0.4444,0.2381,0.2941,0.6500,0.5294,0.5833,0.4000,0.3684,0.3182,0.3684,0.5000,0.5000,0.6000,0.7083,0.3636,0.4615,0.6364,0.7333,0.7000,0.3913,0.7895,0.7391,0.8182,0.8750,0.5455,0.3846,0.2000,0.6316,0.5263,0.5806,0.3500,0.4118,0.4211,0.5238,0.5556,0.5556,0.7000,0.8000,0.6000,0.7000,0.8000,0.6000,0.6667,0.8000,0.6000,0.7000,0.5000,1.0000,0.8000,0.2667,0.2000,,0.6000,0.6000,0.5000,0.6667,0.4000,0.8000,0.8667,0.4000,,0.5455,0.7000,0.8333,0.3333,0.5000,0.4667,0.8000,0.5000,,0.7200,0.9640,0.7932,0.5600,0.9600,0.6800,0.7000,0.9920,0.7876,0.7000,0.9520,0.7756,0.5600,0.9400,0.6740,0.7000,0.9680,0.7804,0.6800,0.9760,0.7688,0.6400,0.9120,0.7216,0.7000,0.9520,0.7756,0.7000,0.9200,0.7660,0.7200,0.9920,0.8016,0.6200,0.9520,0.7196,0.6135,0.5578,0.5856,0.4071,0.5821,0.5657,0.5061,0.5319,0.7056,0.5334,0.2000,0.6000,0.6056,0.5631,0.6500,0.6600,0.6500,0.6800,0.6800,0.6200,0.5700,0.6000,0.6825,0.6433,0.6825,0.6433,0.6900,0.6900,0.7600,0.5900,0.7800,0.7400,45,52,202
9453,0.8000,0.5217,0.7273,0.6667,0.5833,0.6667,0.6400,0.6957,0.5882,0.6923,0.5625,0.9130,0.8077,0.6842,0.6667,0.7333,0.5294,0.6667,0.5500,0.6842,0.6842,0.7500,0.7500,0.3125,0.3571,0.5238,0.3000,0.5385,0.5333,0.4667,0.1818,0.7895,0.8333,0.3529,0.5000,0.4211,0.3529,0.2727,0.5882,0.8000,,0.7059,0.6471,0.9412,0.7895,0.6429,0.7500,0.7857,0.4167,,0.2222,0.6667,0.6471,0.4286,0.7857,0.6087,0.3889,0.4286,0.5789,0.7647,0.8824,0.5000,0.5625,0.2500,0.5938,0.4706,0.6000,0.6875,0.6842,0.5263,,0.5000,0.4706,0.3810,0.7857,0.5500,0.1250,0.4211,0.5263,0.4737,0.5000,0.4348,0.3333,0.2308,0.5333,0.5882,0.6190,0.4444,0.4000,0.5625,,0.8125,0.4706,0.5625,,0.4444,0.4762,0.5882,0.7500,0.5294,0.3333,0.4500,0.3158,0.2273,0.3158,0.4091,0.7273,0.6667,0.5833,0.4545,0.6154,0.6364,0.6667,0.7000,0.7391,0.5789,0.6957,0.3636,0.5833,0.5455,0.6923,0.4000,0.5263,0.4737,0.4516,0.4000,0.5294,0.6316,0.7143,,0.5000,0.8000,0.6000,0.7000,0.6000,0.6000,0.9000,,0.6000,0.6000,0.7000,0.6000,1.0000,0.6000,0.5333,0.5000,,0.0000,0.5000,0.4000,0.8000,0.5333,0.5333,0.8667,0.6667,0.5000,0.6364,0.7000,0.6667,0.3333,0.8000,,0.3000,0.3000,0.6000,0.8600,0.9840,0.8972,0.6800,0.9840,0.7712,0.9400,0.9920,0.9556,0.8000,0.9920,0.8576,0.8400,1.0000,0.8880,0.8800,0.9840,0.9112,0.7800,1.0000,0.8460,0.6000,0.9920,0.7176,0.6800,0.9760,0.7688,0.6600,0.9680,0.7524,0.6800,0.9920,0.7736,0.7800,1.0000,0.8460,0.6819,0.6071,0.6445,0.4596,0.5840,0.5780,0.4945,0.5377,0.7000,0.5667,0.5000,0.2500,0.6143,0.6273,0.4000,0.8300,0.8400,0.7800,0.6800,0.7200,0.7400,0.6400,0.8150,0.7650,0.8150,0.7650,0.7600,0.8500,0.8300,0.8200,0.9600,0.9100,53,60,219
9530,0.8000,0.6957,0.6364,0.8095,0.8333,0.8667,0.8000,0.8261,0.6471,0.6923,0.6875,0.8696,0.8846,0.6842,0.6667,0.8667,0.7059,0.8667,0.8500,0.8421,0.4211,0.8333,0.8333,0.5000,0.7143,0.8095,0.6000,0.7692,0.6667,0.4000,1.0000,0.8421,0.9444,0.9412,0.8750,0.8421,0.7059,0.9091,0.7059,0.9500,0.8462,0.8824,0.5294,0.7647,0.9474,0.7143,0.7500,0.7143,0.7500,0.6471,0.8333,0.7222,0.8824,0.5000,0.7857,0.8261,0.7222,0.9286,0.7368,0.7647,0.8235,0.6875,0.6875,0.7500,0.8438,0.6471,0.7000,0.6875,,,0.6316,0.8333,0.7647,0.7143,0.7143,0.8000,0.8125,0.8947,0.7368,0.7895,0.8000,0.7826,0.7333,0.6923,0.6667,0.7647,0.7143,0.6667,0.6000,0.8125,0.6471,0.6875,0.8824,0.9375,0.7143,0.8333,0.6190,0.8235,0.8000,0.5294,0.6667,0.5500,0.6316,0.6364,0.6316,0.6818,0.8636,0.8000,0.6250,0.6364,0.5385,,0.8000,0.8000,0.7826,0.3684,0.6957,0.8182,0.9167,0.8636,0.6923,0.7000,0.6316,,0.8710,0.6000,0.5882,0.7895,0.7143,0.7222,0.7778,0.4000,0.9000,0.9000,0.7000,0.9000,0.9000,0.8667,0.6000,0.8000,0.8000,0.7000,0.9000,0.8000,0.6667,0.4000,1.0000,0.8000,0.7000,0.9000,0.8000,0.6000,0.8000,0.8667,0.7333,0.6667,0.8182,0.9000,0.9167,0.5000,0.9000,0.6667,0.7000,0.5000,,0.9000,0.9920,0.9276,0.8400,0.9400,0.8700,0.8400,0.9520,0.8736,0.7800,0.9480,0.8304,0.8200,0.9920,0.8716,0.9200,0.9760,0.9368,0.8800,0.9840,0.9112,0.7600,0.9840,0.8272,0.7600,0.9560,0.8188,0.7200,0.9680,0.7944,0.8600,0.9840,0.8972,0.7600,0.9680,0.8224,0.7730,0.7380,0.7555,0.6090,0.8457,0.7390,0.7478,0.7045,0.7806,0.7334,0.7000,0.7500,0.7667,0.7836,0.6000,0.8600,0.8400,0.8800,0.7700,0.8500,0.7500,0.7600,0.8325,0.8250,0.8325,0.8250,0.8200,0.8500,0.8900,0.7700,0.8800,0.9400,50,77,228
9578,0.6500,0.6957,0.7273,0.7143,0.5000,0.6667,0.7600,0.6957,0.3529,0.6154,0.4375,0.5652,0.6923,0.6842,0.6667,0.6000,0.3529,0.7333,0.7000,0.7368,0.3684,0.6667,0.5833,0.4375,0.4286,0.4286,0.6000,0.6923,0.5333,0.4667,0.2727,0.7368,0.8889,0.5882,0.5000,0.6842,0.6471,0.5455,0.7059,0.7500,0.7692,0.7647,0.5882,0.6471,0.7895,0.3571,0.7500,0.7143,0.5833,0.6471,0.5000,0.5556,0.5294,0.3571,0.7500,0.6957,0.3889,0.5714,0.6842,0.8824,0.5882,0.5000,0.6875,0.6250,0.7500,0.5882,0.7000,0.5625,0.4211,0.5789,0.5263,0.4167,0.7647,0.6667,0.7143,0.6500,0.5625,0.6316,0.4211,0.4737,0.5000,0.6957,0.8667,0.4615,0.4667,0.7647,0.6667,0.5556,0.4500,0.5625,0.5882,0.7500,0.4118,0.6250,0.3571,0.5000,0.5714,0.7059,0.7500,0.5882,0.5833,0.4000,0.6842,0.6818,0.6842,0.6364,0.7273,0.7333,0.5417,0.6364,0.6923,0.6364,0.6667,0.8000,0.5652,0.4737,0.6957,0.8182,0.7917,0.8636,0.6923,0.8000,0.6842,0.8421,0.7742,0.6000,0.5294,0.7368,0.6190,0.6667,0.7222,0.6000,1.0000,0.7000,0.7000,0.8000,0.7000,0.6667,0.7000,0.5000,0.5000,0.5000,0.7000,0.6000,0.4667,0.5000,0.5000,0.7000,0.5000,0.5000,0.6000,0.6000,0.7333,0.8667,,0.5833,0.5455,0.6000,0.5833,0.7500,0.9000,0.6667,0.7000,0.7000,0.6667,0.8600,0.9920,0.8996,0.7200,0.9400,0.7860,0.8000,0.9520,0.8456,0.7200,0.9480,0.7884,0.7600,0.9920,0.8296,0.7000,0.9760,0.7828,0.7200,0.9840,0.7992,0.5400,0.9840,0.6732,0.6600,0.9560,0.7488,0.7600,0.9680,0.8224,0.6800,0.9840,0.7712,0.7000,0.9680,0.7804,0.6210,0.5682,0.5946,0.5731,0.6585,0.5959,0.5907,0.6799,0.6722,0.5334,0.5000,0.6000,0.6472,0.6743,0.6889,0.7900,0.7300,0.7200,0.6700,0.7100,0.7900,0.7200,0.7275,0.7350,0.7275,0.7350,0.8500,0.7300,0.6300,0.7000,0.7400,0.8300,43,68,216
9769,0.8500,0.6522,0.6818,0.7143,0.4583,0.5333,0.7600,0.8261,0.5882,0.5385,0.5625,0.7826,0.8077,0.7368,0.8667,0.8667,0.5882,0.7333,0.7500,0.8421,0.4737,0.7500,0.6667,0.4375,0.6429,0.5714,0.4000,0.8462,0.7333,0.6667,0.5455,0.7895,0.5000,0.8824,0.6250,0.6842,0.5294,0.6364,0.4706,0.8000,0.6923,0.8235,0.6471,0.8235,0.7368,0.4286,0.8333,0.5714,0.5833,0.5294,0.8889,0.5000,0.7647,0.5000,0.7500,0.8261,0.6111,0.5714,0.6316,0.7647,0.5882,0.8125,0.6250,0.6250,0.7188,0.5294,0.6000,0.6875,0.5789,0.6842,0.7368,0.5833,0.5294,0.6190,0.5714,0.6500,0.3125,0.6842,0.6316,0.8421,0.8500,0.6522,0.6667,0.7692,0.5333,0.7059,0.7619,0.7778,0.6000,0.7500,0.6471,0.6250,0.5294,0.8125,0.6429,0.5556,0.3810,0.8824,0.8500,0.3529,0.5833,0.5500,0.6316,0.5455,0.6316,0.7273,0.6818,0.5333,,0.7273,0.6154,0.5455,0.8000,0.7000,0.6522,0.7368,0.6087,0.6364,0.8750,0.9091,0.6923,0.7000,0.7368,0.6842,0.6129,0.4000,0.5294,0.6842,0.7619,0.7778,0.6111,0.7000,0.8000,0.8000,0.7000,0.9000,0.7000,0.4667,0.7000,0.8000,0.9000,0.6000,1.0000,0.6667,0.7333,0.6000,0.7000,0.8000,0.5000,,0.7333,0.5333,0.8000,0.8667,0.8667,0.8333,0.3636,0.7000,,0.8333,0.9000,0.8000,0.9000,0.6000,0.9333,0.8400,0.9760,0.8808,0.8000,0.9840,0.8552,0.9400,1.0000,0.9580,0.8400,0.9840,0.8832,0.9000,0.9840,0.9252,0.8400,0.9840,0.8832,0.8600,0.9760,0.8948,0.8200,0.9840,0.8692,0.8400,0.9920,0.8856,0.7000,0.9760,0.7828,0.8400,0.9760,0.8808,0.8000,0.9840,0.8552,0.6735,0.6866,0.6801,0.6616,0.6791,0.6516,0.6451,0.6655,0.7556,0.7000,0.6500,0.6500,0.7722,0.7194,0.8111,0.8600,0.8600,0.8600,0.8000,0.8800,0.8200,0.8000,0.8625,0.8467,0.8625,0.8467,0.8700,0.9200,0.8000,0.8600,0.9200,0.8300,54,73,224